0 3328 2000580 1003
1 3328 2000610 648
2 4992 2000830 612
3 4992 2000770 610
4 9984 2003540 589
5 13312 2005300 600
6 14976 2004920 635
7 14976 2004140 593
8 19968 2005760 602
9 19968 2006500 608
10 19968 2007200 589
11 19968 2012390 620
12 54912 2050820 615
13 54912 2055440 602
14 54912 2062700 614
15 59904 2045450 621
16 64896 2076440 650
17 66560 2064900 621
18 74880 2091200 613
19 89856 2150480 623
20 93184 2101850 622
21 106496 2170000 630
22 106496 2133280 643
23 113152 2168300 627
24 116480 2151200 657
25 116480 2136500 617
26 133120 2203700 627
27 139776 2293370 646
28 146432 2313720 639
29 146432 2285890 624
30 166400 2327600 661
31 166400 2294000 627
32 166400 2304500 658
33 183040 2359260 636
34 193024 2539400 654
35 193024 2539400 662
36 193024 2500250 640
37 193024 2522000 631
38 229632 2458160 646
39 239616 2516000 645
40 241280 2678600 664
41 291200 2982800 695
42 299520 2979020 668
43 307840 3040440 669
44 307840 3103710 666
45 319488 2860640 656
46 319488 2902880 654
47 329472 3065900 665
48 337792 2904800 657
49 346112 2877500 669
50 349440 3089900 687
51 357760 3485220 683
52 359424 2910980 667
53 477568 3790880 684
54 535808 4237670 692
55 547456 4210880 694
56 572416 4298780 714
57 628992 4564520 714
58 648960 4285400 721
59 757120 6418700 818
60 931840 6692240 768
61 988416 7108400 749
62 1063296 9182360 858
63 1138176 9578340 1072
64 1214720 10130010 1030
65 1797120 14009960 1080
66 1916928 19832480 1164
67 2098304 20584230 1193
68 2336256 24602240 1218
69 3727360 30674000 1308
70 3762304 48426310 1678
71 3833856 47820800 1388
72 3953664 34698600 1351
73 4363008 60025550 1920
74 4372992 62522840 2041
75 4402944 53526440 1629
76 8992256 165995960 2912
77 9300096 187356080 2970
78 10762752 202782400 3096
79 11117184 143016260 2878
80 11980800 209860400 3032
81 16353792 285434060 3464
82 19079424 494197160 5593
83 20725120 529265200 5701
84 33010432 578193800 5298
85 34070400 575342000 5428
86 76550656 1567784300 10685
87 76677120 2830918400 14866
88 81993600 1780478750 11267
89 82900480 1875161500 10960
90 89737856 2348621520 16603
91 179573888 6009611000 30161
92 188872320 6274893500 31342
93 291253248 13106769860 57062
0 14826240 117969320 2694
1 16107520 138746720 2677
2 16839680 151387760 2669
3 16839680 151387760 2624
4 16839680 151387760 2683
5 16839680 151387760 2634
6 17022720 154635320 2698
7 17022720 154635320 2678
8 17022720 154635320 2654
9 17022720 154635320 2697
10 20134400 215186600 2777
11 20317440 219062720 2770
12 20317440 219062720 2794
13 20683520 226919720 2881
14 27456000 397469000 4815
15 27456000 397469000 4785
16 28327936 365034140 5086
17 31948800 463380500 5372
18 31948800 463380500 5347
19 31948800 463380500 5278
20 32374784 475724720 5295
21 32374784 475724720 5273
22 32374784 475724720 5258
23 32374784 475724720 5278
24 32374784 475724720 5296
25 32587776 481957940 5323
26 32587776 481957940 5326
27 32587776 481957940 5416
28 36847616 615177740 5714
29 37273600 629396000 5761
30 37912576 651028940 5895
31 38125568 658321400 5866
32 39829504 718127720 6141
33 40042496 725786840 5980
34 40468480 741227300 5931
35 40468480 741227300 5932
36 40681472 749008640 6050
37 41320448 772597100 6922
38 41533440 780541400 6918
39 41746432 788526440 6904
40 41959424 796552220 6953
41 42172416 804618740 6940
42 42598400 820874000 6954
43 46858240 992389400 7144
44 46858240 992389400 7103
45 47071232 1001392940 7228
46 47071232 1001392940 7215
47 102881792 3734232140 18757
