CUBE: 16 10 313600 13312
CUBE: 16 12 316320 13312
CUBE: 16 11 314960 13312
CUBE: 16 6 308160 13312
CUBE: 16 6 308160 13312
CUBE: 16 14 319040 13312
CUBE: 16 9 312240 13312
CUBE: 16 4 305440 13312
CUBE: 16 8 310880 13312
CUBE: 16 10 313600 13312
CUBE: 16 8 310880 13312
CUBE: 16 9 312240 13312
CUBE: 16 10 313600 13312
CUBE: 16 9 312240 13312
CUBE: 16 10 313600 13312
CUBE: 16 6 308160 13312
CUBE: 16 8 310880 13312
CUBE: 16 11 314960 13312
CUBE: 16 9 312240 13312
CUBE: 16 9 312240 13312
CUBE: 16 14 319040 13312
CUBE: 16 11 314960 13312
CUBE: 16 13 317680 13312
CUBE: 16 7 309520 13312
CUBE: 16 11 314960 13312
CUBE: 16 9 312240 13312
CUBE: 16 14 319040 13312
CUBE: 16 1 301360 13312
CUBE: 16 4 305440 13312
CUBE: 16 3 304080 13312
CUBE: 16 3 304080 13312
CUBE: 16 13 317680 13312
CUBE: 16 12 316320 13312
CUBE: 16 13 317680 13312
CUBE: 16 11 314960 13312
CUBE: 16 12 316320 13312
CUBE: 16 7 309520 13312
CUBE: 16 12 316320 13312
CUBE: 16 8 310880 13312
CUBE: 16 7 309520 13312
CUBE: 16 6 308160 13312
CUBE: 16 7 309520 13312
CUBE: 16 14 319040 13312
CUBE: 16 10 313600 13312
CUBE: 16 14 319040 13312
CUBE: 16 9 312240 13312
CUBE: 16 6 308160 13312
CUBE: 16 13 317680 13312
CUBE: 16 7 309520 13312
CUBE: 16 6 308160 13312
CUBE: 16 8 310880 13312
CUBE: 16 10 313600 13312
CUBE: 16 10 313600 13312
CUBE: 16 9 312240 13312
CUBE: 16 11 314960 13312
CUBE: 16 14 319040 13312
CUBE: 16 8 310880 13312
CUBE: 16 9 312240 13312
CUBE: 16 13 317680 13312
CUBE: 16 13 317680 13312
CUBE: 16 8 310880 13312
CUBE: 16 7 309520 13312
CUBE: 16 12 316320 13312
CUBE: 16 14 319040 13312
CUBE: 16 14 319040 13312
CUBE: 16 3 304080 13312
CUBE: 16 3 304080 13312
CUBE: 16 4 305440 13312
CUBE: 16 7 309520 13312
CUBE: 16 10 313600 13312
CUBE: 16 14 319040 13312
CUBE: 16 11 314960 13312
CUBE: 16 12 316320 13312
CUBE: 16 8 310880 13312
CUBE: 16 5 306800 13312
CUBE: 16 6 308160 13312
CUBE: 16 15 320400 13312
CUBE: 16 8 310880 13312
CUBE: 16 13 317680 13312
CUBE: 16 7 309520 13312
CUBE: 16 9 312240 13312
CUBE: 16 5 306800 13312
CUBE: 16 10 313600 13312
CUBE: 16 9 312240 13312
CUBE: 16 8 310880 13312
CUBE: 16 13 317680 13312
CUBE: 16 13 317680 13312
CUBE: 16 10 313600 13312
CUBE: 16 8 310880 13312
CUBE: 16 10 313600 13312
CUBE: 16 10 313600 13312
CUBE: 16 12 316320 13312
CUBE: 16 8 310880 13312
CUBE: 16 8 310880 13312
CUBE: 16 8 310880 13312
CUBE: 16 7 309520 13312
CUBE: 16 6 308160 13312
CUBE: 16 2 302720 13312
CUBE: 16 3 304080 13312
CUBE: 16 2 302720 13312
CUBE: 16 6 308160 13312
CUBE: 16 13 317680 13312
CUBE: 16 13 317680 13312
CUBE: 16 15 320400 13312
CUBE: 16 10 313600 13312
CUBE: 16 7 309520 13312
CUBE: 16 8 310880 13312
CUBE: 16 9 312240 13312
CUBE: 16 5 306800 13312
CUBE: 16 8 310880 13312
CUBE: 16 7 309520 13312
CUBE: 16 9 312240 13312
CUBE: 16 15 320400 13312
CUBE: 16 8 310880 13312
CUBE: 16 6 308160 13312
CUBE: 16 11 314960 13312
CUBE: 16 9 312240 13312
CUBE: 16 10 313600 13312
CUBE: 16 14 319040 13312
CUBE: 16 7 309520 13312
CUBE: 16 5 306800 13312
CUBE: 16 9 312240 13312
CUBE: 16 13 317680 13312
CUBE: 16 10 313600 13312
CUBE: 16 5 306800 13312
CUBE: 16 12 316320 13312
CUBE: 16 11 314960 13312
CUBE: 16 7 309520 13312
CUBE: 16 10 313600 13312
CUBE: 16 7 309520 13312
CUBE: 16 3 304080 13312
CUBE: 16 2 302720 13312
CUBE: 16 3 304080 13312
CUBE: 16 4 305440 13312
CUBE: 16 9 312240 13312
CUBE: 16 9 312240 13312
CUBE: 16 15 320400 13312
CUBE: 16 15 320400 13312
CUBE: 16 10 313600 13312
CUBE: 16 15 320400 13312
CUBE: 16 13 317680 13312
CUBE: 16 14 319040 13312
CUBE: 16 8 310880 13312
CUBE: 16 9 312240 13312
CUBE: 16 8 310880 13312
CUBE: 16 5 306800 13312
CUBE: 16 4 305440 13312
CUBE: 16 9 312240 13312
CUBE: 16 11 314960 13312
CUBE: 16 7 309520 13312
CUBE: 16 12 316320 13312
CUBE: 16 11 314960 13312
CUBE: 16 15 320400 13312
CUBE: 16 4 305440 13312
CUBE: 16 8 310880 13312
CUBE: 16 6 308160 13312
CUBE: 16 8 310880 13312
CUBE: 16 5 306800 13312
CUBE: 16 6 308160 13312
CUBE: 16 9 312240 13312
CUBE: 16 11 314960 13312
CUBE: 16 15 320400 13312
CUBE: 16 11 314960 13312
CUBE: 16 7 309520 13312
CUBE: 16 9 312240 13312
CUBE: 16 6 308160 13312
CUBE: 16 5 306800 13312
CUBE: 16 9 312240 13312
CUBE: 16 7 309520 13312
CUBE: 16 6 308160 13312
CUBE: 16 8 310880 13312
CUBE: 16 13 317680 13312
CUBE: 16 10 313600 13312
CUBE: 16 5 306800 13312
CUBE: 16 9 312240 13312
CUBE: 16 9 312240 13312
CUBE: 16 6 308160 13312
CUBE: 16 2 302720 13312
CUBE: 16 10 313600 13312
CUBE: 16 10 313600 13312
CUBE: 16 11 314960 13312
CUBE: 16 9 312240 13312
CUBE: 16 6 308160 13312
CUBE: 16 4 305440 13312
CUBE: 16 10 313600 13312
CUBE: 16 4 305440 13312
CUBE: 16 6 308160 13312
CUBE: 16 4 305440 13312
CUBE: 16 5 306800 13312
CUBE: 16 10 313600 13312
CUBE: 16 7 309520 13312
CUBE: 16 12 316320 13312
CUBE: 16 6 308160 13312
CUBE: 16 7 309520 13312
CUBE: 16 7 309520 13312
CUBE: 16 4 305440 13312
CUBE: 16 12 316320 13312
CUBE: 16 10 313600 13312
CUBE: 16 10 313600 13312
CUBE: 16 11 314960 13312
CUBE: 16 8 310880 13312
CUBE: 16 7 309520 13312
CUBE: 16 14 319040 13312
CUBE: 16 13 317680 13312
CUBE: 16 10 313600 13312
CUBE: 16 10 313600 13312
CUBE: 16 5 306800 13312
CUBE: 16 8 310880 13312
CUBE: 16 15 320400 13312
CUBE: 16 11 314960 13312
CUBE: 16 6 308160 13312
CUBE: 16 7 309520 13312
CUBE: 16 8 310880 13312
CUBE: 16 9 312240 13312
CUBE: 16 4 305440 13312
CUBE: 16 5 306800 13312
CUBE: 16 4 305440 13312
CUBE: 16 9 312240 13312
CUBE: 16 11 314960 13312
CUBE: 16 6 308160 13312
CUBE: 16 7 309520 13312
CUBE: 16 6 308160 13312
CUBE: 16 3 304080 13312
CUBE: 16 9 312240 13312
CUBE: 16 5 306800 13312
CUBE: 16 7 309520 13312
CUBE: 16 11 314960 13312
CUBE: 16 6 308160 13312
CUBE: 16 9 312240 13312
CUBE: 16 13 317680 13312
CUBE: 16 12 316320 13312
CUBE: 16 8 310880 13312
CUBE: 16 9 312240 13312
CUBE: 16 6 308160 13312
CUBE: 16 10 313600 13312
CUBE: 16 4 305440 13312
CUBE: 16 9 312240 13312
CUBE: 16 11 314960 13312
CUBE: 16 8 310880 13312
CUBE: 16 6 308160 13312
CUBE: 16 11 314960 13312
CUBE: 16 12 316320 13312
CUBE: 16 14 319040 13312
CUBE: 16 10 313600 13312
CUBE: 16 13 317680 13312
CUBE: 16 11 314960 13312
CUBE: 16 9 312240 13312
CUBE: 16 8 310880 13312
CUBE: 16 7 309520 13312
CUBE: 16 5 306800 13312
CUBE: 16 11 314960 13312
CUBE: 16 9 312240 13312
CUBE: 16 11 314960 13312
CUBE: 16 8 310880 13312
CUBE: 16 5 306800 13312
CUBE: 16 10 313600 13312
CUBE: 16 8 310880 13312
CUBE: 16 11 314960 13312
CUBE: 16 8 310880 13312
CUBE: 16 8 310880 13312
CUBE: 16 12 316320 13312
CUBE: 16 4 305440 13312
CUBE: 16 8 310880 13312
CUBE: 16 14 319040 13312
CUBE: 16 15 320400 13312
CUBE: 16 10 313600 13312
CUBE: 16 7 309520 13312
CUBE: 16 8 310880 13312
CUBE: 16 6 308160 13312
CUBE: 16 7 309520 13312
CUBE: 16 6 308160 13312
CUBE: 16 5 306800 13312
CUBE: 16 6 308160 13312
CUBE: 16 11 314960 13312
CUBE: 16 10 313600 13312
CUBE: 16 13 317680 13312
CUBE: 16 4 305440 13312
CUBE: 16 11 314960 13312
CUBE: 16 12 316320 13312
CUBE: 16 11 314960 13312
CUBE: 16 10 313600 13312
CUBE: 16 11 314960 13312
CUBE: 16 6 308160 13312
CUBE: 16 8 310880 13312
CUBE: 16 8 310880 13312
CUBE: 16 14 319040 13312
CUBE: 16 7 309520 13312
CUBE: 16 7 309520 13312
CUBE: 16 8 310880 13312
CUBE: 16 8 310880 13312
CUBE: 16 10 313600 13312
CUBE: 16 6 308160 13312
CUBE: 16 8 310880 13312
CUBE: 16 12 316320 13312
CUBE: 16 9 312240 13312
CUBE: 16 8 310880 13312
CUBE: 16 3 304080 13312
CUBE: 16 13 317680 13312
CUBE: 16 11 314960 13312
CUBE: 16 7 309520 13312
CUBE: 16 10 313600 13312
CUBE: 16 12 316320 13312
CUBE: 16 13 317680 13312
CUBE: 16 11 314960 13312
CUBE: 16 15 320400 13312
CUBE: 16 12 316320 13312
CUBE: 16 9 312240 13312
CUBE: 16 6 308160 13312
CUBE: 16 5 306800 13312
CUBE: 16 5 306800 13312
CUBE: 16 13 317680 13312
CUBE: 16 11 314960 13312
CUBE: 16 3 304080 13312
CUBE: 16 9 312240 13312
CUBE: 16 13 317680 13312
CUBE: 16 5 306800 13312
CUBE: 16 9 312240 13312
CUBE: 16 9 312240 13312
CUBE: 16 7 309520 13312
CUBE: 16 6 308160 13312
CUBE: 16 12 316320 13312
CUBE: 16 4 305440 13312
CUBE: 16 10 313600 13312
CUBE: 16 13 317680 13312
CUBE: 16 10 313600 13312
CUBE: 16 11 314960 13312
CUBE: 16 8 310880 13312
CUBE: 16 13 317680 13312
CUBE: 16 13 317680 13312
CUBE: 16 11 314960 13312
CUBE: 16 9 312240 13312
CUBE: 16 4 305440 13312
CUBE: 16 12 316320 13312
CUBE: 16 9 312240 13312
CUBE: 16 12 316320 13312
CUBE: 16 12 316320 13312
CUBE: 16 7 309520 13312
CUBE: 16 7 309520 13312
CUBE: 16 12 316320 13312
CUBE: 16 4 305440 13312
CUBE: 16 11 314960 13312
CUBE: 16 7 309520 13312
CUBE: 16 8 310880 13312
CUBE: 16 12 316320 13312
CUBE: 16 5 306800 13312
CUBE: 16 4 305440 13312
CUBE: 16 11 314960 13312
CUBE: 16 11 314960 13312
CUBE: 16 8 310880 13312
CUBE: 16 14 319040 13312
CUBE: 16 12 316320 13312
CUBE: 16 9 312240 13312
CUBE: 16 9 312240 13312
CUBE: 16 13 317680 13312
CUBE: 16 7 309520 13312
CUBE: 16 3 304080 13312
CUBE: 16 11 314960 13312
CUBE: 16 7 309520 13312
CUBE: 16 8 310880 13312
CUBE: 16 9 312240 13312
CUBE: 16 5 306800 13312
CUBE: 16 11 314960 13312
CUBE: 16 11 314960 13312
CUBE: 16 8 310880 13312
CUBE: 16 10 313600 13312
CUBE: 16 9 312240 13312
CUBE: 16 13 317680 13312
CUBE: 16 10 313600 13312
CUBE: 16 5 306800 13312
CUBE: 16 8 310880 13312
CUBE: 16 11 314960 13312
CUBE: 16 11 314960 13312
CUBE: 16 6 308160 13312
CUBE: 16 2 302720 13312
CUBE: 16 8 310880 13312
CUBE: 16 9 312240 13312
CUBE: 16 11 314960 13312
CUBE: 16 8 310880 13312
CUBE: 16 5 306800 13312
CUBE: 16 9 312240 13312
CUBE: 16 11 314960 13312
CUBE: 16 8 310880 13312
CUBE: 16 5 306800 13312
CUBE: 16 7 309520 13312
CUBE: 16 8 310880 13312
CUBE: 16 7 309520 13312
CUBE: 16 7 309520 13312
CUBE: 16 10 313600 13312
CUBE: 16 9 312240 13312
CUBE: 16 9 312240 13312
CUBE: 16 7 309520 13312
CUBE: 16 4 305440 13312
CUBE: 16 11 314960 13312
CUBE: 16 10 313600 13312
CUBE: 16 4 305440 13312
CUBE: 16 4 305440 13312
CUBE: 16 4 305440 13312
CUBE: 16 9 312240 13312
CUBE: 16 5 306800 13312
CUBE: 16 6 308160 13312
CUBE: 16 9 312240 13312
CUBE: 16 12 316320 13312
CUBE: 16 11 314960 13312
CUBE: 16 13 317680 13312
CUBE: 32 12 363360 26624
CUBE: 32 10 352800 26624
CUBE: 32 10 352800 26624
CUBE: 32 14 373920 26624
CUBE: 32 8 342240 26624
CUBE: 32 13 368640 26624
CUBE: 32 9 347520 26624
CUBE: 32 11 358080 26624
CUBE: 32 10 352800 26624
CUBE: 32 12 363360 26624
CUBE: 32 14 373920 26624
CUBE: 32 9 347520 26624
CUBE: 32 11 358080 26624
CUBE: 32 9 347520 26624
CUBE: 32 14 373920 26624
CUBE: 32 9 347520 26624
CUBE: 32 14 373920 26624
CUBE: 32 5 326400 26624
CUBE: 32 12 363360 26624
CUBE: 16 16 321760 26624
CUBE: 16 17 323120 26624
CUBE: 32 9 347520 26624
CUBE: 16 16 321760 26624
CUBE: 32 12 363360 26624
CUBE: 16 16 321760 26624
CUBE: 32 15 379200 26624
CUBE: 32 7 336960 26624
CUBE: 32 14 373920 26624
CUBE: 32 13 368640 26624
CUBE: 32 11 358080 26624
CUBE: 32 12 363360 26624
CUBE: 32 13 368640 26624
CUBE: 32 13 368640 26624
CUBE: 16 19 325840 26624
CUBE: 32 11 358080 26624
CUBE: 32 12 363360 26624
CUBE: 16 16 321760 26624
CUBE: 32 14 373920 26624
CUBE: 16 16 321760 26624
CUBE: 32 8 342240 26624
CUBE: 16 17 323120 26624
CUBE: 32 11 358080 26624
CUBE: 32 10 352800 26624
CUBE: 16 17 323120 26624
CUBE: 16 16 321760 26624
CUBE: 32 10 352800 26624
CUBE: 32 15 379200 26624
CUBE: 32 9 347520 26624
CUBE: 32 8 342240 26624
CUBE: 32 12 363360 26624
CUBE: 32 15 379200 26624
CUBE: 32 10 352800 26624
CUBE: 32 12 363360 26624
CUBE: 32 14 373920 26624
CUBE: 32 13 368640 26624
CUBE: 32 15 379200 26624
CUBE: 32 9 347520 26624
CUBE: 32 8 342240 26624
CUBE: 32 15 379200 26624
CUBE: 32 11 358080 26624
CUBE: 16 16 321760 26624
CUBE: 32 11 358080 26624
CUBE: 32 12 363360 26624
CUBE: 32 11 358080 26624
CUBE: 32 5 326400 26624
CUBE: 16 16 321760 26624
CUBE: 16 17 323120 26624
CUBE: 16 16 321760 26624
CUBE: 16 16 321760 26624
CUBE: 32 12 363360 26624
CUBE: 32 12 363360 26624
CUBE: 32 12 363360 26624
CUBE: 16 16 321760 26624
CUBE: 32 7 336960 26624
CUBE: 32 12 363360 26624
CUBE: 32 12 363360 26624
CUBE: 32 11 358080 26624
CUBE: 32 12 363360 26624
CUBE: 32 11 358080 26624
CUBE: 32 14 373920 26624
CUBE: 32 14 373920 26624
CUBE: 32 8 342240 26624
CUBE: 32 14 373920 26624
CUBE: 32 15 379200 26624
CUBE: 32 12 363360 26624
CUBE: 32 15 379200 26624
CUBE: 16 19 325840 26624
CUBE: 16 16 321760 26624
CUBE: 16 18 324480 26624
CUBE: 32 12 363360 26624
CUBE: 32 9 347520 26624
CUBE: 32 13 368640 26624
CUBE: 32 7 336960 26624
CUBE: 32 14 373920 26624
CUBE: 32 12 363360 26624
CUBE: 32 15 379200 26624
CUBE: 32 14 373920 26624
CUBE: 32 14 373920 26624
CUBE: 32 12 363360 26624
CUBE: 32 11 358080 26624
CUBE: 32 12 363360 26624
CUBE: 32 12 363360 26624
CUBE: 32 14 373920 26624
CUBE: 32 8 342240 26624
CUBE: 32 7 336960 26624
CUBE: 32 9 347520 26624
CUBE: 32 12 363360 26624
CUBE: 16 17 323120 26624
CUBE: 32 9 347520 26624
CUBE: 32 13 368640 26624
CUBE: 16 20 327200 26624
CUBE: 32 15 379200 26624
CUBE: 32 11 358080 26624
CUBE: 32 10 352800 26624
CUBE: 32 14 373920 26624
CUBE: 32 6 331680 26624
CUBE: 32 14 373920 26624
CUBE: 32 11 358080 26624
CUBE: 32 15 379200 26624
CUBE: 32 14 373920 26624
CUBE: 32 6 331680 26624
CUBE: 32 8 342240 26624
CUBE: 32 14 373920 26624
CUBE: 32 10 352800 26624
CUBE: 32 13 368640 26624
CUBE: 16 16 321760 26624
CUBE: 16 18 324480 26624
CUBE: 32 9 347520 26624
CUBE: 32 15 379200 26624
CUBE: 32 10 352800 26624
CUBE: 32 13 368640 26624
CUBE: 32 15 379200 26624
CUBE: 32 8 342240 26624
CUBE: 32 9 347520 26624
CUBE: 32 11 358080 26624
CUBE: 32 11 358080 26624
CUBE: 32 8 342240 26624
CUBE: 16 20 327200 26624
CUBE: 32 8 342240 26624
CUBE: 32 15 379200 26624
CUBE: 32 10 352800 26624
CUBE: 48 15 476400 39936
CUBE: 48 15 476400 39936
CUBE: 48 13 452880 39936
CUBE: 48 15 476400 39936
CUBE: 48 12 441120 39936
CUBE: 48 14 464640 39936
CUBE: 48 11 429360 39936
CUBE: 48 15 476400 39936
CUBE: 48 15 476400 39936
CUBE: 48 12 441120 39936
CUBE: 48 14 464640 39936
CUBE: 48 14 464640 39936
CUBE: 48 15 476400 39936
CUBE: 48 14 464640 39936
CUBE: 32 24 426720 53248
CUBE: 32 20 405600 53248
CUBE: 32 16 384480 53248
CUBE: 32 20 405600 53248
CUBE: 32 17 389760 53248
CUBE: 32 23 421440 53248
CUBE: 32 16 384480 53248
CUBE: 32 17 389760 53248
CUBE: 32 19 400320 53248
CUBE: 32 20 405600 53248
CUBE: 32 23 421440 53248
CUBE: 32 16 384480 53248
CUBE: 32 20 405600 53248
CUBE: 32 16 384480 53248
CUBE: 32 18 395040 53248
CUBE: 32 24 426720 53248
CUBE: 32 19 400320 53248
CUBE: 32 17 389760 53248
CUBE: 32 19 400320 53248
CUBE: 32 24 426720 53248
CUBE: 32 23 421440 53248
CUBE: 32 16 384480 53248
CUBE: 32 20 405600 53248
CUBE: 32 19 400320 53248
CUBE: 32 16 384480 53248
CUBE: 32 16 384480 53248
CUBE: 32 27 442560 53248
CUBE: 32 17 389760 53248
CUBE: 32 16 384480 53248
CUBE: 32 20 405600 53248
CUBE: 32 23 421440 53248
CUBE: 32 19 400320 53248
CUBE: 32 17 389760 53248
CUBE: 32 20 405600 53248
CUBE: 32 17 389760 53248
CUBE: 32 18 395040 53248
CUBE: 32 16 384480 53248
CUBE: 32 20 405600 53248
CUBE: 32 17 389760 53248
CUBE: 32 16 384480 53248
CUBE: 32 24 426720 53248
CUBE: 32 24 426720 53248
CUBE: 32 20 405600 53248
CUBE: 32 18 395040 53248
CUBE: 32 17 389760 53248
CUBE: 32 21 410880 53248
CUBE: 32 16 384480 53248
CUBE: 32 17 389760 53248
CUBE: 32 18 395040 53248
CUBE: 32 20 405600 53248
CUBE: 32 16 384480 53248
CUBE: 32 28 447840 53248
CUBE: 32 18 395040 53248
CUBE: 32 18 395040 53248
CUBE: 32 21 410880 53248
CUBE: 32 20 405600 53248
CUBE: 32 16 384480 53248
CUBE: 32 27 442560 53248
CUBE: 32 16 384480 53248
CUBE: 32 16 384480 53248
CUBE: 32 20 405600 53248
CUBE: 32 22 416160 53248
CUBE: 32 31 463680 53248
CUBE: 32 20 405600 53248
CUBE: 32 28 447840 53248
CUBE: 32 16 384480 53248
CUBE: 32 22 416160 53248
CUBE: 32 22 416160 53248
CUBE: 32 19 400320 53248
CUBE: 32 19 400320 53248
CUBE: 32 28 447840 53248
CUBE: 32 17 389760 53248
CUBE: 32 23 421440 53248
CUBE: 48 16 488160 79872
CUBE: 48 24 582240 79872
CUBE: 48 26 605760 79872
CUBE: 48 24 582240 79872
CUBE: 48 20 535200 79872
CUBE: 48 17 499920 79872
CUBE: 32 32 468960 79872
CUBE: 48 18 511680 79872
CUBE: 48 28 629280 79872
CUBE: 48 27 617520 79872
CUBE: 48 16 488160 79872
CUBE: 48 23 570480 79872
CUBE: 48 16 488160 79872
CUBE: 48 21 546960 79872
CUBE: 48 28 629280 79872
CUBE: 48 17 499920 79872
CUBE: 48 16 488160 79872
CUBE: 48 17 499920 79872
CUBE: 48 27 617520 79872
CUBE: 48 22 558720 79872
CUBE: 48 28 629280 79872
CUBE: 48 21 546960 79872
CUBE: 48 26 605760 79872
CUBE: 48 17 499920 79872
CUBE: 48 18 511680 79872
CUBE: 48 28 629280 79872
CUBE: 48 18 511680 79872
CUBE: 48 19 523440 79872
CUBE: 48 23 570480 79872
CUBE: 48 21 546960 79872
CUBE: 48 23 570480 79872
CUBE: 48 23 570480 79872
CUBE: 48 22 558720 79872
CUBE: 48 28 629280 79872
CUBE: 48 24 582240 79872
CUBE: 48 28 629280 79872
CUBE: 48 26 605760 79872
CUBE: 48 22 558720 79872
CUBE: 48 23 570480 79872
CUBE: 48 29 641040 79872
CUBE: 48 27 617520 79872
CUBE: 48 18 511680 79872
CUBE: 48 21 546960 79872
CUBE: 48 23 570480 79872
CUBE: 48 23 570480 79872
CUBE: 48 30 652800 79872
CUBE: 48 27 617520 79872
CUBE: 48 21 546960 79872
CUBE: 48 18 511680 79872
CUBE: 48 20 535200 79872
CUBE: 48 20 535200 79872
CUBE: 48 18 511680 79872
CUBE: 48 16 488160 79872
CUBE: 48 21 546960 79872
CUBE: 48 16 488160 79872
CUBE: 48 28 629280 79872
CUBE: 48 23 570480 79872
CUBE: 48 27 617520 79872
CUBE: 48 27 617520 79872
CUBE: 48 20 535200 79872
CUBE: 48 26 605760 79872
CUBE: 48 23 570480 79872
CUBE: 48 21 546960 79872
CUBE: 48 26 605760 79872
CUBE: 48 21 546960 79872
CUBE: 48 22 558720 79872
CUBE: 48 31 664560 79872
CUBE: 48 22 558720 79872
CUBE: 48 25 594000 79872
CUBE: 48 30 652800 79872
CUBE: 48 16 488160 79872
CUBE: 48 23 570480 79872
CUBE: 48 28 629280 79872
CUBE: 48 18 511680 79872
CUBE: 48 21 546960 79872
CUBE: 48 24 582240 79872
CUBE: 48 27 617520 79872
CUBE: 48 21 546960 79872
CUBE: 48 26 605760 79872
CUBE: 48 29 641040 79872
CUBE: 48 29 641040 79872
CUBE: 48 19 523440 79872
CUBE: 48 26 605760 79872
CUBE: 48 19 523440 79872
CUBE: 48 25 594000 79872
CUBE: 48 25 594000 79872
CUBE: 48 26 605760 79872
CUBE: 48 27 617520 79872
CUBE: 48 20 535200 79872
CUBE: 48 25 594000 79872
CUBE: 48 28 629280 79872
CUBE: 48 30 652800 79872
CUBE: 48 29 641040 79872
CUBE: 48 22 558720 79872
CUBE: 48 16 488160 79872
CUBE: 48 21 546960 79872
CUBE: 48 23 570480 79872
CUBE: 48 17 499920 79872
CUBE: 48 16 488160 79872
CUBE: 48 30 652800 79872
CUBE: 48 20 535200 79872
CUBE: 48 20 535200 79872
CUBE: 48 19 523440 79872
CUBE: 48 23 570480 79872
CUBE: 48 20 535200 79872
CUBE: 64 23 778400 106496
CUBE: 64 25 820000 106496
CUBE: 64 24 799200 106496
CUBE: 64 23 778400 106496
CUBE: 64 30 924000 106496
CUBE: 64 22 757600 106496
CUBE: 64 30 924000 106496
CUBE: 64 30 924000 106496
CUBE: 64 21 736800 106496
CUBE: 64 29 903200 106496
CUBE: 64 31 944800 106496
CUBE: 64 31 944800 106496
CUBE: 64 29 903200 106496
CUBE: 64 26 840800 106496
CUBE: 64 29 903200 106496
CUBE: 64 27 861600 106496
CUBE: 64 25 820000 106496
CUBE: 64 30 924000 106496
CUBE: 64 24 799200 106496
CUBE: 64 27 861600 106496
CUBE: 64 21 736800 106496
CUBE: 64 30 924000 106496
CUBE: 64 26 840800 106496
CUBE: 64 30 924000 106496
CUBE: 64 27 861600 106496
CUBE: 64 28 882400 106496
CUBE: 64 30 924000 106496
CUBE: 64 25 820000 106496
CUBE: 64 22 757600 106496
CUBE: 64 29 903200 106496
CUBE: 48 33 688080 119808
CUBE: 48 45 829200 119808
CUBE: 48 34 699840 119808
CUBE: 48 35 711600 119808
CUBE: 48 32 676320 119808
CUBE: 48 34 699840 119808
CUBE: 48 37 735120 119808
CUBE: 48 32 676320 119808
CUBE: 48 32 676320 119808
CUBE: 48 38 746880 119808
CUBE: 48 44 817440 119808
CUBE: 80 28 1207200 133120
CUBE: 80 31 1304400 133120
CUBE: 64 39 1111200 159744
CUBE: 64 41 1152800 159744
CUBE: 64 32 965600 159744
CUBE: 64 34 1007200 159744
CUBE: 64 32 965600 159744
CUBE: 64 44 1215200 159744
CUBE: 64 37 1069600 159744
CUBE: 64 34 1007200 159744
CUBE: 64 38 1090400 159744
CUBE: 64 46 1256800 159744
CUBE: 64 33 986400 159744
CUBE: 64 34 1007200 159744
CUBE: 64 33 986400 159744
CUBE: 64 38 1090400 159744
CUBE: 64 39 1111200 159744
CUBE: 64 36 1048800 159744
CUBE: 64 39 1111200 159744
CUBE: 64 32 965600 159744
CUBE: 64 34 1007200 159744
CUBE: 64 37 1069600 159744
CUBE: 64 33 986400 159744
CUBE: 64 41 1152800 159744
CUBE: 64 36 1048800 159744
CUBE: 64 35 1028000 159744
CUBE: 64 44 1215200 159744
CUBE: 80 43 1693200 199680
CUBE: 80 46 1790400 199680
CUBE: 80 44 1725600 199680
CUBE: 80 42 1660800 199680
CUBE: 80 37 1498800 199680
CUBE: 80 38 1531200 199680
CUBE: 80 44 1725600 199680
CUBE: 80 35 1434000 199680
CUBE: 80 39 1563600 199680
CUBE: 80 46 1790400 199680
CUBE: 80 46 1790400 199680
CUBE: 80 36 1466400 199680
CUBE: 80 32 1336800 199680
CUBE: 80 43 1693200 199680
CUBE: 80 38 1531200 199680
CUBE: 80 43 1693200 199680
CUBE: 80 39 1563600 199680
CUBE: 80 41 1628400 199680
CUBE: 80 41 1628400 199680
CUBE: 80 40 1596000 199680
CUBE: 80 36 1466400 199680
CUBE: 64 54 1423200 212992
CUBE: 64 52 1381600 212992
CUBE: 64 54 1423200 212992
CUBE: 64 63 1610400 212992
CUBE: 64 48 1298400 212992
CUBE: 64 54 1423200 212992
CUBE: 64 55 1444000 212992
CUBE: 64 59 1527200 212992
CUBE: 64 60 1548000 212992
CUBE: 64 48 1298400 212992
CUBE: 64 54 1423200 212992
CUBE: 64 51 1360800 212992
CUBE: 64 48 1298400 212992
CUBE: 96 41 2208960 239616
CUBE: 96 43 2302080 239616
CUBE: 96 47 2488320 239616
CUBE: 96 46 2441760 239616
CUBE: 96 40 2162400 239616
CUBE: 96 42 2255520 239616
CUBE: 96 44 2348640 239616
CUBE: 96 46 2441760 239616
CUBE: 80 51 1952400 266240
CUBE: 80 58 2179200 266240
CUBE: 80 48 1855200 266240
CUBE: 80 49 1887600 266240
CUBE: 64 66 1672800 266240
CUBE: 80 61 2276400 266240
CUBE: 64 67 1693600 266240
CUBE: 80 48 1855200 266240
CUBE: 80 52 1984800 266240
CUBE: 64 67 1693600 266240
CUBE: 80 58 2179200 266240
CUBE: 80 51 1952400 266240
CUBE: 80 50 1920000 266240
CUBE: 80 48 1855200 266240
CUBE: 80 50 1920000 266240
CUBE: 80 49 1887600 266240
CUBE: 80 48 1855200 266240
CUBE: 64 77 1901600 266240
CUBE: 80 49 1887600 266240
CUBE: 96 49 2581440 319488
CUBE: 96 59 3047040 319488
CUBE: 96 54 2814240 319488
CUBE: 96 48 2534880 319488
CUBE: 96 58 3000480 319488
CUBE: 64 82 2005600 319488
CUBE: 96 59 3047040 319488
CUBE: 96 49 2581440 319488
CUBE: 96 57 2953920 319488
CUBE: 96 50 2628000 319488
CUBE: 96 62 3186720 319488
CUBE: 96 55 2860800 319488
CUBE: 96 53 2767680 319488
CUBE: 96 56 2907360 319488
CUBE: 64 92 2213600 319488
CUBE: 96 58 3000480 319488
CUBE: 96 59 3047040 319488
CUBE: 96 63 3233280 319488
CUBE: 96 57 2953920 319488
CUBE: 80 64 2373600 332800
CUBE: 112 49 3400720 372736
CUBE: 112 61 4160080 372736
CUBE: 112 63 4286640 372736
CUBE: 64 97 2317600 372736
CUBE: 112 48 3337440 372736
CUBE: 112 56 3843680 372736
CUBE: 112 61 4160080 372736
CUBE: 96 66 3372960 399360
CUBE: 96 65 3326400 399360
CUBE: 96 69 3512640 399360
CUBE: 96 71 3605760 399360
CUBE: 96 65 3326400 399360
CUBE: 80 85 3054000 399360
CUBE: 80 94 3345600 399360
CUBE: 96 65 3326400 399360
CUBE: 128 62 5418720 425984
CUBE: 112 67 4539760 465920
CUBE: 112 64 4349920 465920
CUBE: 112 65 4413200 465920
CUBE: 112 74 4982720 465920
CUBE: 112 76 5109280 465920
CUBE: 112 66 4476480 465920
CUBE: 112 76 5109280 465920
CUBE: 96 82 4117920 479232
CUBE: 96 83 4164480 479232
CUBE: 96 82 4117920 479232
CUBE: 64 137 3149600 479232
CUBE: 96 90 4490400 479232
CUBE: 128 74 6409440 532480
CUBE: 128 70 6079200 532480
CUBE: 112 86 5742080 559104
CUBE: 112 93 6185040 559104
CUBE: 144 78 8443200 599040
CUBE: 128 80 6904800 638976
CUBE: 128 80 6904800 638976
CUBE: 128 90 7730400 638976
CUBE: 96 112 5514720 638976
CUBE: 128 93 7978080 638976
CUBE: 112 101 6691280 652288
CUBE: 112 102 6754560 652288
CUBE: 112 102 6754560 652288
CUBE: 144 89 9591600 718848
CUBE: 144 90 9696000 718848
CUBE: 144 92 9904800 718848
CUBE: 128 103 8803680 745472
CUBE: 128 96 8225760 745472
CUBE: 112 125 8210000 745472
CUBE: 96 145 7051200 798720
CUBE: 96 157 7609920 798720
CUBE: 144 99 10635600 838656
CUBE: 144 107 11470800 838656
CUBE: 144 108 11575200 838656
CUBE: 144 100 10740000 838656
CUBE: 144 110 11784000 838656
CUBE: 144 105 11262000 838656
CUBE: 112 133 8716240 838656
CUBE: 128 114 9711840 851968
CUBE: 128 112 9546720 851968
CUBE: 128 112 9546720 851968
CUBE: 96 171 8261760 878592
CUBE: 112 146 9538880 931840
CUBE: 160 107 14081600 931840
CUBE: 160 105 13824000 931840
CUBE: 112 146 9538880 931840
CUBE: 160 108 14210400 931840
CUBE: 144 124 13245600 958464
CUBE: 128 132 11197920 958464
CUBE: 144 122 13036800 958464
CUBE: 128 130 11032800 958464
CUBE: 144 124 13245600 958464
CUBE: 176 109 17277840 1025024
CUBE: 112 173 11247440 1025024
CUBE: 96 197 9472320 1038336
CUBE: 160 117 15369600 1064960
CUBE: 160 123 16142400 1064960
CUBE: 96 221 10589760 1118208
CUBE: 160 139 18203200 1198080
CUBE: 160 137 17945600 1198080
CUBE: 160 130 17044000 1198080
CUBE: 160 131 17172800 1198080
CUBE: 96 232 11101920 1198080
CUBE: 144 146 15542400 1198080
CUBE: 112 203 13145840 1211392
CUBE: 112 201 13019280 1211392
CUBE: 128 187 15738720 1277952
CUBE: 176 130 20548800 1317888
CUBE: 144 173 18361200 1317888
CUBE: 176 134 21171840 1317888
CUBE: 176 128 20237280 1317888
CUBE: 176 136 21483360 1317888
CUBE: 176 130 20548800 1317888
CUBE: 128 207 17389920 1384448
CUBE: 192 138 25868640 1437696
CUBE: 176 156 24598560 1464320
CUBE: 112 253 16309840 1490944
CUBE: 128 216 18132960 1490944
CUBE: 112 260 16752800 1584128
CUBE: 160 185 24128000 1597440
CUBE: 128 239 20031840 1597440
CUBE: 112 279 17955120 1677312
CUBE: 224 140 35580000 1677312
CUBE: 208 153 33556080 1730560
CUBE: 192 161 30130080 1757184
CUBE: 112 294 18904320 1770496
CUBE: 112 304 19537120 1863680
CUBE: 224 159 40368000 1863680
CUBE: 176 207 32542320 1903616
CUBE: 128 284 23747040 1916928
CUBE: 144 253 26713200 1916928
CUBE: 112 322 20676160 1956864
CUBE: 224 164 41628000 2050048
CUBE: 224 170 43140000 2050048
CUBE: 208 187 40946320 2076672
CUBE: 128 314 26223840 2129920
CUBE: 144 274 28905600 2156544
CUBE: 144 277 29218800 2156544
CUBE: 144 287 30262800 2156544
CUBE: 240 161 46861200 2196480
CUBE: 240 169 49174800 2196480
CUBE: 224 180 45660000 2236416
CUBE: 128 355 29608800 2449408
CUBE: 96 494 23300640 2476032
CUBE: 112 431 27573680 2515968
CUBE: 256 187 61815520 2555904
CUBE: 240 196 56983200 2595840
CUBE: 240 195 56694000 2595840
CUBE: 112 436 27890080 2609152
CUBE: 240 219 63634800 2795520
CUBE: 192 281 52363680 2875392
CUBE: 224 243 61536000 2981888
CUBE: 240 234 67972800 2995200
CUBE: 112 516 32952480 3075072
CUBE: 128 467 38855520 3194880
CUBE: 112 550 35104000 3261440
CUBE: 112 550 35104000 3261440
CUBE: 128 495 41167200 3301376
CUBE: 160 390 50532000 3328000
CUBE: 112 608 38774240 3634176
CUBE: 176 391 61202160 3660800
CUBE: 240 288 83589600 3793920
CUBE: 112 640 40799200 3820544
CUBE: 128 602 50001120 4046848
CUBE: 144 530 55632000 4073472
CUBE: 176 446 69768960 4100096
CUBE: 176 437 68367120 4100096
CUBE: 192 414 77005920 4153344
CUBE: 160 524 67791200 4392960
CUBE: 256 334 110172640 4472832
CUBE: 240 353 102387600 4592640
CUBE: 160 545 70496000 4659200
CUBE: 192 465 86455200 4792320
CUBE: 160 594 76807200 5058560
CUBE: 128 766 63540960 5111808
CUBE: 176 559 87369840 5125120
CUBE: 192 521 96830880 5271552
CUBE: 256 390 128594400 5324800
CUBE: 208 489 106589040 5364736
CUBE: 144 707 74110800 5391360
CUBE: 192 529 98313120 5431296
CUBE: 160 649 83891200 5457920
CUBE: 176 599 93600240 5564416
CUBE: 176 621 97026960 5710848
CUBE: 192 584 108503520 5910528
CUBE: 208 545 118761200 6056960
CUBE: 272 436 162178080 6336512
CUBE: 240 505 146346000 6389760
CUBE: 176 703 109799280 6443008
CUBE: 192 653 121287840 6549504
CUBE: 240 540 156468000 6789120
CUBE: 192 672 124808160 6868992
CUBE: 192 676 125549280 6868992
CUBE: 224 586 147972000 6895616
CUBE: 256 515 169714400 7028736
CUBE: 176 779 121637040 7175168
CUBE: 176 777 121325520 7175168
CUBE: 160 852 110037600 7188480
CUBE: 272 527 195964560 7468032
CUBE: 144 1005 105222000 7547904
CUBE: 160 897 115833600 7587840
CUBE: 208 688 149843680 7614464
CUBE: 256 573 188794080 7667712
CUBE: 176 842 131449920 7760896
CUBE: 192 776 144077280 7827456
CUBE: 208 733 159624880 7960576
CUBE: 160 959 123819200 7987200
CUBE: 160 948 122402400 7987200
CUBE: 272 561 208588080 8146944
CUBE: 192 807 149820960 8146944
CUBE: 176 884 137991840 8200192
CUBE: 160 979 126395200 8253440
CUBE: 320 484 248882400 8253440
CUBE: 256 619 203926240 8306688
CUBE: 272 605 224924400 8599552
CUBE: 304 542 251571200 8599552
CUBE: 272 594 220840320 8599552
CUBE: 288 590 245834400 8865792
CUBE: 320 533 274048800 9052160
CUBE: 320 536 275589600 9052160
CUBE: 304 564 261770400 9105408
CUBE: 256 686 225966560 9158656
CUBE: 240 721 208813200 9185280
CUBE: 272 647 240518160 9278464
CUBE: 320 553 284320800 9318400
CUBE: 272 667 247943760 9504768
CUBE: 240 763 220959600 9584640
CUBE: 256 709 233532640 9584640
CUBE: 240 767 222116400 9584640
CUBE: 256 706 232545760 9584640
CUBE: 288 647 269555520 9824256
CUBE: 320 588 302296800 9850880
CUBE: 320 594 305378400 10117120
CUBE: 256 790 260178400 10649600
CUBE: 272 756 280987680 10862592
CUBE: 256 801 263796960 10862592
CUBE: 256 847 278929120 11288576
CUBE: 256 834 274652640 11288576
CUBE: 272 804 298809120 11541504
CUBE: 176 1250 195000000 11568128
CUBE: 256 1054 347023840 14057472
CUBE: 272 1121 416504880 16067584
SPHERE: 96 3492 162887520 17491968
SPHERE: 96 3492 162887520 17491968
SPHERE: 96 3492 162887520 17491968
SPHERE: 96 3492 162887520 17491968
SPHERE: 96 3492 162887520 17491968
SPHERE: 96 3492 162887520 17491968
SPHERE: 96 3492 162887520 17491968
SPHERE: 96 3492 162887520 17491968
SPHERE: 96 3492 162887520 17491968
SPHERE: 96 3492 162887520 17491968
SPHERE: 112 3492 221273760 20407296
SPHERE: 112 3492 221273760 20407296
SPHERE: 112 3492 221273760 20407296
SPHERE: 128 3492 288599520 23322624
SPHERE: 160 3492 450069600 29153280
SPHERE: 160 3492 450069600 29153280
SPHERE: 144 4074 425625600 30551040
SPHERE: 160 4074 525031200 33945600
SPHERE: 160 4074 525031200 33945600
SPHERE: 160 4074 525031200 33945600
SPHERE: 160 4074 525031200 33945600
SPHERE: 160 4074 525031200 33945600
SPHERE: 160 4074 525031200 33945600
SPHERE: 160 4074 525031200 33945600
SPHERE: 160 4074 525031200 33945600
SPHERE: 160 4074 525031200 33945600
SPHERE: 160 4074 525031200 33945600
SPHERE: 160 4074 525031200 33945600
SPHERE: 176 4074 634866240 37340160
SPHERE: 176 4074 634866240 37340160
SPHERE: 192 4074 755130720 40734720
SPHERE: 192 4074 755130720 40734720
SPHERE: 192 4074 755130720 40734720
SPHERE: 192 4074 755130720 40734720
SPHERE: 192 4074 755130720 40734720
SPHERE: 192 4074 755130720 40734720
SPHERE: 192 4074 755130720 40734720
SPHERE: 208 4074 885824640 44129280
SPHERE: 208 4074 885824640 44129280
SPHERE: 208 4074 885824640 44129280
SPHERE: 208 4074 885824640 44129280
SPHERE: 208 4074 885824640 44129280
SPHERE: 208 4074 885824640 44129280
SPHERE: 224 4074 1026948000 47523840
SPHERE: 224 4074 1026948000 47523840
SPHERE: 224 4074 1026948000 47523840
SPHERE: 224 4074 1026948000 47523840
SPHERE: 384 5238 3872229600 104792064
