2943  2550
6871  5142
10695 7727
14533 10409
18353 12978
22166 15572
26411 18195
30319 20795
34214 23409
38704 26051
41953 28748
46485 31431
51562 34726
56716 37414
61854 40136
66492 43413
71837 46199
76752 49405
82716 53231
89197 56888
97298 61805
105764  66356
114180  70883
122819  75148
132665  80215
142503  85285
152354  90344
162409  95376
172459  100402
182527  105406
192561  110486
202630  115576
212831  120688
222985  125791
233164  130909
245707  136564
258296  142189
271076  147676
284304  153363
297661  159049
312041  164819
326553  170534
341314  176311
356032  182035
370912  187803
386180  194398
401546  201036
417109  207691
432777  214360
448666  220993
464736  227590
483581  234996
502545  241841
521567  248611
540768  255506
560024  262382
580594  270298
605873  278097
653341  292213
705754  308878
758205  324835
824077  344247
893290  361664
988627  386053
1068011 407470
