3684  3646
7540  7882
10728 12491
14790 17025
18726 21358
22728 25977
26643 29636
30549 33328
34494 37911
38461 41604
42412 45943
46833 50632
52123 54413
57229 59150
62446 63965
67692 68447
73080 73195
78972 77083
87089 82347
94111 87371
102631  92228
111156  97067
121070  102482
131014  107925
140959  113312
151013  118716
161114  124098
171193  129448
181261  134852
191458  140219
201647  145683
211803  151134
221991  156584
234543  162424
247325  168195
260616  174171
274076  180075
288432  185990
302973  191821
317750  197749
332551  203657
347404  209555
362752  216273
378176  222950
393795  229576
409495  236261
425427  242941
441558  249682
460608  256569
479783  263466
499292  270428
518608  277398
584758  295015
