250440	9	651
250450	9	614
250500	9	621
250520	10	621
250560	10	621
252220	12	624
252700	10	632
253120	15	625
255200	15	636
255600	16	619
256400	18	645
256400	19	654
258400	17	639
259870	19	625
261760	23	626
262320	23	620
263020	28	623
264280	26	618
264490	29	636
265680	33	620
266240	30	624
266800	36	661
267360	33	622
268200	32	638
270720	38	633
271000	39	643
271600	37	624
272320	43	664
280800	40	647
286850	47	654
287620	46	638
287950	52	635
291250	54	637
292350	55	651
296800	51	636
327350	82	677
331600	81	663
334000	87	668
336100	91	646
337600	85	649
344500	94	646
348700	99	660
357440	90	651
362880	101	660
366280	87	660
366280	90	642
366960	99	695
388720	124	634
390080	131	633
394160	122	625
410650	140	651
414560	146	641
418300	143	653
418300	148	636
433600	165	678
447340	137	662
548620	168	663
555370	184	688
562620	173	661
578860	189	683
579940	189	651
586960	200	682
590470	202	634
611530	223	697
637150	199	663
691750	250	649
886650	306	688
1023300	353	667
1135780	405	668
1188700	460	686
1217200	432	708
1283200	435	672
1331860	489	719
1504600	534	713
1535380	603	693
1586600	573	694
1610380	577	697
1646200	624	702
1687870	616	694
1721890	619	698
1925550	642	701
2185200	848	710
2263690	844	711
2303220	775	727
2341000	788	729
2441020	798	737
2908150	939	725
3126310	1031	720
3690400	1149	728
4120720	1249	736
4312240	1315	762
5068240	1570	741
5443840	1641	813
5707900	1675	828
6453120	1842	845
6818920	1988	855
6948480	1982	862
7520500	2157	850
9859600	2778	894
15672400	4345	1179
25561780	6246	1275
30023800	7263	1285
33263200	7898	1335
38852630	9257	1384
42603280	10260	1380
43417500	10259	1383
58028110	14677	1463
60867900	13879	1749
63631240	16056	1501
71060740	17145	1889
81009000	19204	1954
84974250	3091	2188
85753600	20132	2017
116219320	3192	2612
124942960	3500	2079
131273360	2953	2023
136996720	3928	2550
149637760	3814	2592
149637760	3817	2585
149637760	3819	2682
149637760	3845	2569
152885320	3898	2594
152885320	3904	2623
152885320	4247	2600
152885320	4496	2614
157792000	3264	2642
172438450	37910	2697
211001800	4537	2683
213436600	5067	3295
217312720	5127	2688
217312720	5133	2722
220128190	4642	3277
225169720	5350	2786
250585540	4889	3206
270452100	5899	3826
335961430	6441	3657
363284140	8040	4917
395719000	8418	4551
395719000	8453	4527
418488640	8609	4265
461630500	9828	5067
461630500	9834	5070
461630500	9837	5059
473974720	10031	5032
473974720	10034	5026
473974720	10038	5004
473974720	10041	5080
473974720	10042	5090
480207940	10140	5112
480207940	10148	5103
480207940	10171	5118
613427740	12552	5655
625736680	12595	5625
627646000	12732	5487
649278940	13203	5687
656571400	13334	5686
716377720	14383	5770
724036840	14489	5715
739477300	14745	5777
739477300	14810	5724
747258640	14861	5768
770847100	15297	6595
778791400	15360	6638
786776440	15512	6655
794802220	15673	6669
802868740	15876	6633
819124000	16070	6597
967013140	18853	7406
990639400	18961	6845
990639400	19023	6770
999642940	19198	6895
999642940	19200	6876
1051882000	20549	7916
1060277950	25312	7799
2636611000	47399	14116
2861857000	52325	16665
2920040200	52478	15957
3662327900	65793	19412
3732482140	69280	17417
4426553860	95455	24389
4445650960	79313	21417
5585181040	119938	28015
		
		
		
		
		
		
		
		
		
		
		
		
		
		
		
		
		
		
		
		
		
		
