250030	3	838
250040	4	838
250060	4	845
250070	4	867
250070	5	839
250070	5	839
250070	4	838
250070	4	838
250080	5	838
250090	6	850
250090	5	853
250100	6	848
250100	4	819
250110	7	840
250110	6	842
250110	7	843
250110	6	839
250120	12	847
250120	6	837
250120	7	840
250130	6	841
250130	8	867
250130	8	868
250130	8	867
250150	9	891
250180	4	836
250200	3	824
250200	4	802
250200	4	850
250240	4	840
250240	4	840
250240	4	842
250240	4	845
250240	5	865
250240	5	841
250300	5	868
250300	3	846
250300	4	847
250300	4	841
250300	4	836
250300	5	848
250300	4	837
250300	4	820
250300	5	854
250300	4	888
250300	5	839
250300	5	838
250300	4	827
250300	4	843
250300	5	822
250300	4	857
250300	4	846
250300	5	839
250300	5	866
250360	4	840
250360	4	845
250360	4	833
250360	5	868
250360	4	863
250360	4	840
250360	4	830
250360	3	818
250360	5	841
250360	5	870
250360	4	889
250360	4	829
250360	4	801
250360	5	830
250360	5	847
250400	4	870
250400	4	841
250400	4	840
250400	6	839
250420	5	925
250420	4	843
250420	5	839
250420	5	837
250420	5	844
250420	5	864
250420	6	838
250420	5	851
250420	5	852
250420	4	845
250420	5	885
250480	6	845
250480	5	863
250480	5	848
250480	6	846
250480	5	842
250480	4	837
250480	5	824
250480	5	851
250500	5	822
250500	5	841
250500	5	841
250540	5	847
250540	5	857
250540	6	841
250540	6	843
250540	6	869
250540	6	871
250540	6	841
250540	6	858
250540	6	850
250540	6	841
250540	6	841
250560	4	844
250600	6	896
250600	6	846
250600	7	842
250600	5	838
250600	5	845
250600	6	839
250600	7	848
250600	5	835
250600	6	841
250600	6	838
250600	6	830
250600	7	845
250600	6	823
250600	6	836
250630	5	871
250630	5	846
250660	6	843
250660	7	837
250660	6	842
250660	6	873
250660	5	840
250660	6	841
250660	7	839
250660	7	866
250700	5	824
250700	5	829
250700	11	828
250700	7	839
250700	5	825
250700	5	842
250720	8	842
250720	7	847
250780	7	842
250800	6	850
250800	6	853
250800	6	821
250800	6	816
250800	7	824
250800	6	838
250800	6	827
250800	7	865
250840	5	870
250840	6	851
250840	4	820
250840	7	841
250840	9	858
250840	5	867
250840	4	842
250840	5	823
250840	5	843
250840	5	836
250840	7	844
250900	8	865
250900	7	837
250900	7	824
250900	7	823
250900	8	834
250960	8	837
251000	6	818
251050	6	867
251050	5	843
251050	6	827
251100	6	820
251100	8	831
251100	7	834
251100	8	821
251120	6	824
251120	5	832
251120	7	842
251120	6	847
251200	9	837
251260	7	824
251260	7	834
251260	7	832
251260	6	869
251300	9	866
251400	7	836
251400	7	834
251400	8	834
251400	10	851
251400	7	861
251470	7	851
251470	7	842
251470	7	842
251470	8	845
251470	7	850
251470	7	849
251470	7	866
251470	8	860
251500	10	831
251680	9	843
251680	7	854
251680	7	850
251680	9	875
251680	8	847
251680	7	842
251680	7	836
251680	7	845
251680	7	834
251680	8	834
251680	8	847
251680	8	837
251680	8	842
251890	7	843
251890	7	845
251890	8	845
251890	8	844
251960	7	843
251960	8	834
251960	8	863
251960	8	835
251960	8	862
251960	8	858
252100	9	864
252100	9	863
252100	8	843
252100	9	877
252100	9	839
252100	8	834
252100	8	850
252240	8	868
252240	9	857
252240	9	836
252240	8	859
252240	9	841
252240	8	847
252240	8	844
252240	9	873
252310	8	843
252520	8	837
252520	9	845
252520	10	837
252520	8	845
252520	9	859
252520	9	854
252520	9	856
252520	10	853
252520	9	844
252520	9	836
252750	8	840
252800	9	830
252880	9	866
252880	9	844
253080	10	838
253080	11	836
253080	10	872
253080	8	850
253080	10	833
253120	8	965
253240	9	873
253240	10	850
253300	9	845
253300	9	843
253300	8	837
253300	9	835
253360	9	887
253360	10	846
253360	10	843
253360	11	841
253360	10	840
253360	12	847
253360	10	833
253600	11	843
253640	11	832
253640	12	842
253920	12	839
253920	11	836
253960	12	835
253960	12	839
254400	11	863
254400	9	842
254400	9	842
254400	11	849
254620	11	844
254620	11	862
254950	12	887
254950	12	844
254950	12	843
254950	11	840
255040	15	836
255250	12	882
255280	11	845
255280	12	874
255460	12	850
255500	12	864
255500	12	856
255500	11	841
255500	12	847
255500	12	851
255500	13	840
255940	17	864
255940	13	844
255940	13	842
255940	13	872
256050	14	841
256050	14	840
256050	13	838
256240	12	837
256240	12	860
256300	13	903
256370	12	850
256600	14	863
256600	13	837
256600	14	835
256600	15	845
256600	15	851
256600	13	843
257020	14	835
257020	14	850
257020	14	845
257020	13	842
257020	14	845
257150	15	851
257150	15	838
257150	16	838
257150	15	860
257260	14	839
257280	13	844
257280	13	868
257350	13	837
257650	13	838
257700	17	872
257800	15	834
257800	14	843
257800	14	870
257920	15	845
258250	19	838
258400	14	853
258400	15	842
258400	14	842
258400	14	864
258400	13	861
258580	17	833
258580	17	839
259100	15	838
259100	16	838
259100	15	844
259180	14	839
259360	17	837
259360	18	858
259450	15	837
260010	16	866
260010	16	874
260140	18	847
260500	16	837
260500	16	837
260560	19	843
260560	24	866
260560	19	836
260710	15	836
260710	14	834
260800	16	834
260800	16	855
260800	16	840
260800	15	836
260880	13	843
260920	18	837
260920	19	844
261550	17	835
261550	17	846
261550	17	864
261830	19	859
261830	18	836
261830	18	843
261880	22	839
261970	17	843
262000	17	838
262000	17	831
262240	16	836
262240	16	839
262240	17	836
262240	15	835
262600	18	857
262740	20	843
263200	19	839
263200	19	838
263200	18	875
263200	19	865
263200	19	840
263200	18	841
263300	17	846
263650	21	834
263650	22	837
263680	17	839
263770	19	850
264400	21	843
264400	20	841
264560	22	836
264700	21	854
264700	22	837
264960	21	855
264960	21	842
264960	25	844
264960	21	868
264960	20	842
264960	20	840
265180	19	862
265390	19	872
265470	23	843
265470	23	862
265600	22	830
265600	22	828
265600	22	838
265600	21	841
265750	23	839
265750	22	845
265750	23	840
266250	20	844
266800	24	846
266800	23	855
266800	23	839
266830	21	829
267100	20	852
267100	21	853
267290	26	869
267680	24	844
267680	23	866
267680	24	841
267680	23	838
267680	23	860
267680	23	852
267850	25	881
267850	25	865
268000	25	846
268200	28	836
268360	24	846
268810	23	868
268900	21	864
268900	27	836
269000	23	840
269000	22	860
269040	24	842
269040	24	832
269040	24	830
269200	25	856
269200	25	851
269890	24	843
269890	24	858
270400	27	845
270520	23	842
270520	24	871
270900	23	847
271000	24	867
271420	26	868
271760	26	850
271760	26	847
271760	26	847
272080	22	828
272800	30	828
272950	27	841
274480	27	843
274480	28	848
275200	27	864
275300	24	873
275410	25	849
276010	29	843
276010	29	845
276600	28	845
276600	27	852
277000	25	849
277200	32	847
277300	28	870
277300	28	842
279250	26	867
279250	33	860
279250	27	849
279400	30	848
280240	26	841
280360	29	850
280360	30	842
280600	35	874
280600	34	856
280600	34	851
281590	28	871
281590	28	849
282480	27	864
282480	27	853
282480	28	880
282500	28	846
282890	30	854
282890	32	852
283120	30	857
283120	30	851
283600	32	857
285100	30	874
285750	30	849
285750	31	861
285750	31	849
285750	30	850
286540	30	852
286960	34	855
286960	34	873
287200	30	848
287800	42	856
287950	35	851
288610	34	845
288610	32	872
288640	34	890
289000	35	877
289000	33	872
289000	33	844
289000	34	844
289150	32	1004
289680	31	875
289900	38	849
289900	38	877
290600	33	848
290600	33	875
291580	38	851
291580	35	858
292120	35	901
292120	35	854
292120	35	846
292120	35	853
292120	36	849
292250	36	863
294100	42	858
294660	45	850
294660	37	850
294660	37	850
295500	39	897
295500	38	847
296200	43	887
296920	39	872
296920	39	860
298000	39	869
298720	37	862
298750	41	849
299140	41	875
299600	38	856
300820	45	851
302200	39	849
302200	40	845
302650	42	873
302650	43	848
302780	42	865
302780	41	870
306160	42	851
306160	42	846
306700	45	848
306700	45	845
306840	44	861
306840	50	849
308080	42	881
310900	46	856
310900	46	880
310900	46	863
310900	46	851
310900	45	856
310900	45	871
313180	48	858
313360	46	860
313360	45	873
314260	47	850
314260	48	856
315000	50	862
315100	48	886
315250	49	859
315250	49	853
316240	52	855
316690	55	875
319000	54	858
319020	49	888
319300	49	865
319600	48	873
320200	52	852
320200	52	867
321820	52	856
323920	52	883
323950	50	863
323950	50	854
323950	51	859
324400	54	852
324400	51	857
324400	53	886
324400	50	875
324400	52	848
324400	50	849
324400	50	854
324400	50	856
324750	56	871
325600	55	889
328540	55	865
329200	55	849
329200	55	878
329360	52	855
329920	53	858
331200	58	876
331200	57	848
332650	57	868
333160	61	873
333700	56	873
334240	59	858
336580	57	859
338200	59	891
338350	61	883
338350	66	878
339250	61	853
339280	59	850
339280	60	855
339760	56	859
340720	62	861
343000	62	862
343000	62	872
343380	64	857
343600	58	885
344500	61	888
348280	69	861
350800	60	863
350800	60	884
350980	62	891
350980	63	859
350980	62	865
350980	62	879
350980	68	877
351150	61	855
351150	62	850
351150	61	870
353740	64	866
354160	68	865
354400	67	857
355600	66	858
355600	66	882
356560	63	855
356590	66	863
361150	69	862
361150	75	877
362200	72	858
362200	70	890
362480	65	873
363400	67	855
364080	74	852
364080	72	887
367810	74	900
368560	67	871
370540	73	858
373420	76	865
374950	76	863
375550	84	857
376000	75	878
376720	74	861
380200	81	859
382300	78	858
382300	78	858
383200	78	866
383200	78	887
384640	78	879
384850	86	874
388880	85	883
389200	85	868
390600	87	856
391900	83	863
392560	86	894
392800	81	863
394480	76	870
394480	77	894
394900	85	859
398750	85	874
403180	88	889
405610	87	866
405800	84	871
410820	89	906
411690	92	865
411690	92	878
412540	87	861
413800	91	881
413800	89	891
413800	93	876
415600	83	899
419200	93	888
421570	91	893
423160	97	868
425950	91	866
426400	98	887
428500	102	866
429820	99	885
436480	100	949
437200	95	874
437200	95	868
439420	99	869
439420	99	890
439630	104	879
440400	104	894
445300	108	909
448000	99	877
448030	105	875
448660	104	873
450070	105	876
452300	110	864
452800	108	862
452800	104	870
455390	101	865
457690	108	860
457690	108	881
457900	106	872
460600	109	895
460600	108	905
460600	108	866
467350	109	864
467800	116	869
468400	114	875
471400	113	900
473860	112	901
475600	112	873
475750	112	879
476200	119	907
477700	116	890
483100	129	887
484780	116	889
488050	118	868
496960	118	868
497500	116	880
498630	122	879
498630	122	877
498630	123	937
499600	121	881
499600	126	895
502450	138	903
507250	122	902
507250	122	907
507400	122	882
509440	126	883
515200	130	872
520250	128	876
520900	134	896
524340	132	878
531060	129	870
533800	137	871
533800	137	950
539800	135	879
541720	141	896
541870	134	888
550150	141	878
552680	140	877
552680	140	903
552680	139	887
552680	139	905
554980	147	893
556250	136	911
563490	146	920
564820	144	910
567520	143	892
568240	137	892
568500	147	899
568750	146	882
579130	149	880
579280	147	909
591550	153	927
608020	155	880
608280	155	889
617500	178	918
619600	152	885
622060	160	901
632500	169	917
632950	175	907
649620	178	906
650950	176	880
658000	171	902
660780	184	888
663250	169	905
664990	179	887
679300	185	896
679300	195	893
687580	183	913
693610	191	920
696600	187	904
704740	198	912
718520	195	920
725640	208	912
728800	199	897
742800	204	903
742800	193	914
745600	198	908
753880	213	879
763300	209	899
779470	225	905
779470	220	922
781000	215	898
793780	224	915
795490	211	897
808090	239	899
816370	221	903
817300	226	904
824560	231	924
831740	225	916
851800	228	906
851800	235	925
865960	241	973
869080	236	956
886480	257	918
908260	264	907
927600	263	906
933550	258	934
940300	270	911
994120	288	916
1002840	286	919
1016080	294	942
1022740	302	967
1036240	296	951
1042360	299	916
1045960	295	935
1063960	307	960
1102800	303	950
1102800	302	931
1108600	331	906
1127800	335	902
1128400	317	961
1138420	325	918
1142620	337	936
1151530	354	922
1156510	316	949
1164940	337	903
1194460	358	945
1196080	333	1008
1200730	346	944
1210960	317	973
1211860	330	952
1221250	344	957
1222360	344	941
1252320	352	946
1264300	360	955
1288450	357	946
1311280	359	932
1312600	376	974
1318550	365	948
1329700	402	916
1333000	375	1003
1338640	388	1002
1361880	395	972
1373200	395	1002
1390000	377	985
1433350	395	935
1458880	417	957
1458880	418	965
1476100	431	967
1492500	414	971
1492500	422	924
1517350	428	951
1546480	421	980
1561000	439	951
1579120	453	1004
1600720	462	950
1609750	442	927
1644400	433	914
1659100	501	1015
1691300	472	1020
1713700	463	974
1728880	460	1016
1732480	493	969
1766800	469	1023
1815380	509	975
1837600	491	991
1849410	523	1007
1851460	541	945
1853080	527	1001
1858630	503	988
1902400	526	932
1917470	516	1014
1931300	537	1012
1932100	514	1026
1958140	529	998
2046760	605	1015
2120500	574	901
2129680	563	1014
2144410	637	921
2155680	580	975
2173240	580	1025
2187150	606	1015
2272400	612	1021
2306740	630	1008
2333350	629	1013
2470240	665	1028
2569420	707	1017
2598070	722	1203
2626000	681	1006
2666050	713	1018
2688460	716	1025
2712400	743	1040
2719060	738	1024
2810800	764	1064
2828890	756	1053
2853250	771	1013
2894800	768	1022
2925610	886	1082
2936000	819	988
2966560	764	997
3122800	852	1037
3149330	848	1139
3149330	851	1096
3152250	826	1054
3187550	815	1140
3220400	901	998
3276400	853	1081
3487600	948	1029
3532500	918	1100
3611920	922	1127
3774400	1010	1067
3834220	1016	1107
3989200	1049	1047
4096150	1077	1208
4114480	1089	1062
4121260	1061	1118
4154320	1122	1002
4314100	1133	1146
4352560	1105	1141
4641280	1203	1151
4641280	1197	1108
4849840	1227	1145
5098060	1365	1122
5127060	1338	1196
5248000	1343	1085
5304700	1450	1115
5445540	1360	1183
5463970	1513	1084
5524030	1416	1151
6034420	1552	1156
6058000	1475	1181
6252400	1531	1218
6416050	1625	1208
6462700	1612	1133
6647110	1888	1086
6816250	1757	1161
7114330	1768	1221
7463920	1852	1164
7623000	2158	1345
7730980	1904	1152
7770460	2199	1127
7792430	1977	1159
7978090	1983	1187
7986040	1983	1164
8175760	1951	1284
8269900	1981	1317
8300050	1978	1315
8327550	2260	1176
8381200	2028	1046
8729600	2340	1045
9071890	2177	1287
9233200	2410	1086
9295000	2236	1321
9330400	2228	1347
9361960	2319	1197
9466900	2248	1326
9515880	2431	1293
9642460	2321	1158
9905800	2398	1329
10311280	2462	1337
10982800	2664	1292
11121420	2655	1336
11546950	2915	1162
12141250	2798	1417
12207250	2853	1392
12488800	2940	1392
12681900	3017	1178
12744160	3171	1193
12773500	3302	1198
12939820	3181	1357
13017040	3053	1418
13307200	3082	1441
13324750	3111	1397
13811980	3201	1418
14056900	3462	1226
14446000	3662	1213
14641270	3355	1561
15152860	3468	1239
15160480	3661	1453
15435940	3658	1269
15576140	3578	1391
15643990	3893	1434
15683110	3605	1451
16169800	3685	1458
16511000	4272	1396
16976050	4258	1586
17149840	3818	1587
17203300	3893	1452
17237320	4440	1442
18474800	4582	1440
19956040	4457	1646
20042500	4437	1630
21356800	4862	1655
21433360	4670	1615
21832000	5636	1494
22307100	5808	1442
22329750	4997	1564
22972840	5484	1503
23046400	5597	1504
23133850	5400	1676
23782600	6042	1445
24199420	5730	1685
24314950	5782	1486
24340300	5954	1772
25027900	5413	1760
26391500	6913	1519
26829160	6843	1521
27244870	6103	1715
27293800	6303	1836
29141500	7448	1972
29148240	7526	1491
29157550	6262	1528
30697000	6478	2117
32157400	6816	2290
33266500	8138	1537
37026250	8775	1568
37169800	7835	2171
37463000	8057	2201
38330800	8033	2206
38994700	8119	2266
39322000	9665	1828
40403400	9796	1585
41659000	8907	2450
42280660	8680	2253
45144850	9231	2475
45599200	10215	1876
50172460	10645	2145
50269450	10309	2535
51819000	11802	1954
53224880	10879	2535
56788460	13620	2307
57199480	11732	1749
58427350	11857	2527
58921250	12072	2052
59135380	12965	2660
60464000	13032	2472
60804520	12357	2084
61180720	13586	2025
65295750	14493	2059
66783250	14342	2124
68058370	15490	2087
68417440	15240	2081
72248740	15296	2182
76708690	16969	2138
78761680	15913	2642
82456540	18735	2224
84277720	18299	2242
85512400	17978	2272
87965560	18580	2279
91678120	20524	2514
94656340	19733	2473
96237050	20141	2346
96976960	20674	2321
100860550	3684	2607
102337600	20633	2790
103373440	23151	2829
103375840	21163	2556
105107200	21992	2396
105306490	3856	2689
105925570	23463	2588
106623700	22684	2566
106740280	22806	2588
107281750	22961	2431
113387920	23916	2607
115532440	26485	2840
116219320	3188	2609
116449450	23951	2774
117196270	25046	2662
118852750	25457	2693
119194770	27455	2907
119699200	24359	2736
126660400	26727	2733
126979420	27091	2757
133805260	28678	2916
134639710	29795	2858
136996720	4062	2778
141478300	28240	3009
142707280	29220	3122
144948400	29109	2954
149637760	3936	2853
149637760	4002	2786
149637760	3915	2832
149637760	3906	2827
150429150	30657	3245
152024980	31319	2840
152885320	3945	2808
152885320	3967	2813
152885320	3951	2924
152885320	4421	3050
155077960	30831	3482
172923550	34936	3334
191372440	40393	3463
192750000	5290	3105
195121880	41211	3925
195259750	41514	3420
195914560	39639	3429
198711340	41617	3982
200964580	42036	3633
201186050	42417	3995
210281800	43988	4067
213436600	5106	2968
217312720	5217	3003
217312720	5246	2958
217402520	45786	3580
220668660	46338	3614
225169720	5388	3040
228285150	47695	4199
230688400	48378	4238
230704000	48247	3646
233566600	48805	4236
242666240	50032	4609
244963000	50741	4534
250886680	52645	4333
254084900	53552	4619
254896000	52744	3659
255687520	54117	3692
256967200	55147	4583
257619310	54030	3693
263845150	54438	4339
263934850	54839	4689
274550950	57547	3781
280737130	57630	4737
282910840	58450	4815
292222600	60725	4482
300365200	62032	4748
307606940	5892	3888
363284140	8117	5264
374787310	7022	5024
395719000	8520	4857
395719000	8525	4839
461630500	9914	5415
461630500	9944	5443
461630500	9945	5387
473974720	10054	5404
473974720	10101	5382
473974720	10079	5350
473974720	10068	5404
473974720	10197	5367
480207940	10189	5464
480207940	10156	5451
480207940	10188	5450
613427740	12552	5840
627646000	12782	5771
649278940	13291	5976
656571400	13460	5904
716377720	14356	5915
724036840	14541	5831
739477300	14777	5928
739477300	14801	5908
747258640	14853	5898
770847100	15348	6718
778791400	15424	6677
786776440	15619	6626
794802220	15700	6685
802868740	15932	6680
819124000	16131	6741
990639400	19050	6887
990639400	19175	6897
999642940	19509	6962
999642940	19316	6970
3732482140	66150	17617
