1 838
2.25  1676
3.5 2521
4.75  3388
6 4227
7.25  5066
8.25  5904
9.5 6742
10.75 7580
12.25 8430
13.75 9283
15.25 10131
16.25 10950
18  11790
19.5  12632
21.25 13475
22.75 14314
24.75 15161
26.5  15998
28.5  16838
30.25 17679
32.5  18546
34.5  19414
36.5  20281
38.5  21172
39.5  22008
40.5  22832
41.5  23634
42.5  24484
43.5  25324
44.25 26164
45.25 27006
46  27851
47.25 28716
48.25 29557
49.25 30425
50  31271
51.25 32118
52.25 32959
53.25 33795
54.25 34643
55.5  35480
56.5  36300
57.75 37154
59  38042
60.25 38881
61.5  39719
62.75 40546
63.75 41389
65  42211
66  43068
67  43914
68  44753
69  45619
70.25 46459
71.25 47304
72.25 48137
73.5  49005
74.75 49868
75.75 50708
76.75 51538
77.5  52356
78.5  53197
79.75 54067
80.75 54956
81.75 55785
82.75 56586
84  57416
85.25 58263
86.5  59133
87.75 59974
88.75 60814
90.25 61653
91.5  62578
92.5  63421
93.75 64260
95  65097
96.25 65941
97.5  66805
99  67643
100.25  68494
102.75  69346
103.75  70191
105 71076
106.25  71921
107.5 72784
109 73632
110.25  74478
111.25  75320
112.5 76157
114 76981
115.5 77832
116.75  78654
118 79495
119.25  80336
120.5 81183
121.75  82040
123.25  82881
124.75  83724
126.25  84593
127.75  85464
129 86305
130.5 87163
132 88013
133.5 88854
134.75  89695
135.75  90539
137.25  91435
138.75  92281
140.5 93123
141.5 93961
143 94806
144.5 95645
146 96493
147.5 97328
149 98169
150.5 99007
152 99837
153.75  100682
155.25  101505
156.75  102341
157.75  103212
159 104058
160.5 104901
162 105738
163.5 106580
165 107453
166.25  108293
167.75  109134
169.75  109973
171 110839
172.5 111663
173.75  112492
175.25  113320
176.75  114159
178 114984
179.5 115826
181.25  116668
183 117515
184.75  118357
186.25  119207
187.75  120060
189.25  120881
190.75  121697
192.5 122521
194 123359
195.75  124186
197.5 125051
198.5 125921
200 126772
201.25  127592
203 128433
205.25  129291
206.5 130158
207.5 131000
208.75  131823
210 132666
211.25  133502
213 134346
215 135211
216.75  136048
218.5 136872
220.25  137695
222.25  138529
224 139366
225.75  140184
227.25  141051
228.5 141894
230 142721
232 143541
234 144372
235.75  145206
238 146027
239.75  146851
241.25  147683
243 148525
244.75  149372
246.75  150209
248.5 151033
251.25  151867
253 152699
254.75  153568
257.25  154434
259 155270
261 156104
262.75  156938
265.5 157789
267.5 158650
269.25  159501
271 160343
272.75  161185
274.75  162030
276.5 162880
278 163729
279.75  164595
281.75  165455
284.25  166286
286.25  167129
288.25  167983
290 168833
292.25  169708
294.25  170555
295.75  171397
297.5 172233
299.25  173078
301 173912
303.25  174746
305.25  175593
307.25  176430
309.25  177272
311 178115
312.75  178960
314.75  179805
316.5 180649
318.25  181492
320.25  182326
322.25  183189
324.25  184024
326.25  184886
328.25  185744
330.5 186608
332.75  187471
334.75  188314
337 189191
339.25  190030
341.5 190864
343.5 191714
345.5 192582
347.75  193439
350 194275
352 195134
354.25  195975
356.25  196822
358.25  197666
360.5 198539
362.5 199382
364.75  200219
367 201064
369.25  201901
371.5 202746
373.5 203605
375.75  204459
378.25  205315
380.75  206168
382.75  207012
385 207848
386.75  208688
389.25  209518
391.75  210384
394 211228
396.5 212066
399.25  212902
401.75  213774
404.25  214624
406.75  215457
409 216422
411.5 217295
414.5 218145
416.75  218990
419.5 219833
421.5 220670
423.75  221505
426.25  222392
429 223238
431.5 224081
434.25  224922
436.75  225762
441 226609
443.5 227442
446 228285
448.75  229117
451.75  229959
454.5 230798
457 231634
460 232469
463 233308
465.75  234171
468.25  235013
470.5 235855
473 236704
475.75  237548
478.25  238410
481.25  239297
484.25  240141
487.25  240984
489.75  241824
493.5 242660
496.25  243542
499 244387
501.75  245261
505 246111
508 246975
511 247831
514 248672
517 249519
520 250370
523.25  251210
526.5 252074
529.5 252918
532.75  253760
536 254632
539.5 255473
543 256313
546.25  257151
549.25  257988
552.25  258848
555.5 259751
558.75  260601
562.25  261464
565.75  262301
569.25  263136
573 263981
576.75  264832
580.25  265675
583.75  266510
587 267360
590.5 268205
594 269047
597.5 269892
601.25  270743
605 271581
608.75  272419
612.5 273279
616.25  274118
619.75  274962
623 275830
627.25  276667
630.5 277505
634.75  278377
638.5 279211
642 280054
645.75  280924
649.75  281769
654.5 282607
658 283460
661.75  284302
665 285144
668.5 286008
672 286869
676.25  287702
680.5 288541
684.5 289379
688.5 290217
692 291061
695.25  291900
699.5 292737
704 293595
707.75  294432
711.75  295298
715.75  296172
720.25  297019
724.25  297856
728.25  298693
733.25  299536
738 300402
742.75  301238
746.5 302074
750.25  302908
754.25  303742
758.25  304597
762 305437
766 306273
769.5 307116
774 307953
779 308797
783.5 309632
788.75  310478
793 311342
797.75  312201
802.5 313037
807 313880
812.5 314719
816.75  315562
821.25  316400
826.25  317231
830.25  318067
834.25  318906
838.5 319742
844 320577
848.25  321434
853.25  322277
858 323116
863 323954
867.5 324829
872.25  325694
877 326534
881.5 327375
885.75  328221
891 329055
896 329892
900.5 330731
905 331581
910.25  332424
915.25  333265
920.75  334101
926 334955
931.5 335792
936.5 336647
941.5 337489
946.25  338333
951.25  339201
956.25  340043
961.25  340883
966 341745
970.75  342617
976.5 343460
982.25  344322
987.75  345152
993.25  345980
998.75  346818
1004  347659
1009.75 348498
1015.5  349343
1021.75 350183
1026.75 351027
1032.5  351873
1038.5  352728
1045.25 353567
1050.5  354396
1055.5  355248
1060.75 356101
1067  356970
1073  357814
1078.75 358680
1084.5  359521
1090.25 360359
1096  361219
1101.5  362071
1107.5  362952
1113.75 363817
1120  364663
1127  365499
1133  366345
1138.75 367213
1144.25 368077
1151  368913
1156.5  369753
1162  370613
1168.25 371455
1174.25 372287
1180.25 373117
1186.75 373973
1193  374824
1199  375667
1205.25 376525
1212  377370
1218  378212
1224  379083
1230  379930
1236  380797
1242.5  381665
1249.25 382515
1257  383362
1264.25 384209
1269.75 385037
1277.25 385865
1284  386706
1290.75 387549
1297.75 388397
1304.5  389261
1310.5  390134
1317  390983
1324  391826
1331.25 392671
1338.25 393516
1345  394368
1351.25 395217
1359.5  396064
1366.5  396934
1373.5  397776
1380.25 398643
1386.75 399503
1393.25 400352
1400.75 401200
1407.25 402041
1414.5  402891
1421.75 403733
1430.75 404607
1439.25 405463
1447.75 406314
1455  407185
1462.5  408034
1469.25 408898
1477.25 409751
1485  410631
1492  411477
1499.75 412331
1507.5  413183
1515.25 414040
1523  414891
1531  415748
1538.5  416622
1546  417471
1553.75 418332
1561.25 419181
1569  420031
1576.5  420883
1585  421738
1593.5  422611
1601  423459
1610.25 424315
1619  425166
1627.5  426011
1635.75 426883
1644.25 427773
1653.75 428650
1662.25 429522
1670.5  430366
1678.75 431210
1686.75 432214
1695.5  433089
1705  433938
1716.75 434815
1725  435663
1733.25 436538
1742.75 437389
1751.25 438247
1760.25 439148
1769  440002
1777.75 440848
1786.5  441701
1795.25 442550
1804.25 443413
1814.75 444271
1823.5  445121
1832.5  445971
1841.5  446821
1851.25 447718
1860.75 448565
1871.5  449452
1881.25 450324
1891  451184
1900.75 452053
1910.75 452915
1922  453764
1933.25 454639
1942.75 455495
1954.25 456346
1964.25 457195
1974.25 458040
1984.75 458913
1995.5  459761
2006  460626
2016  461496
2026.5  462347
2037  463193
2048.25 464041
2059.25 464886
2070.25 465747
2081.25 466596
2091.75 467477
2104.75 468333
2117.25 469213
2129.5  470076
2141  470927
2152.5  471783
2164  472654
2176  473512
2187.5  474372
2198.75 475245
2210.5  476095
2222.5  476951
2235  477813
2246.75 478699
2259  479558
2271.5  480411
2284.5  481266
2296.75 482141
2310.25 482999
2322.5  483887
2334.5  484752
2346.5  485625
2360.25 486477
2373.25 487344
2388.25 488200
2401.25 489083
2413.75 489946
2426.5  490800
2439.25 491659
2451.5  492511
2464  493368
2477.25 494254
2489.75 495129
2502.75 495977
2515.25 496826
2527.75 497680
2540  498536
2554.25 499407
2568  500296
2581.5  501161
2596  502010
2609.75 502888
2624.75 503743
2638.25 504601
2652.75 505477
2667  506325
2681.25 507193
2696.5  508066
2710.75 508939
2725.75 509797
2740.25 510656
2755  511547
2770.5  512430
2785.5  513308
2800.75 514161
2815.5  515011
2830.5  515866
2846  516725
2863  517586
2878.5  518448
2893.75 519320
2909.75 520177
2924.25 521062
2939.5  521950
2956.75 522811
2971.75 523674
2986.75 524558
3002.5  525449
3018.25 526308
3033.5  527173
3049  528052
3064.5  528929
3079.75 529784
3096.5  530634
3112.75 531504
3129  532370
3145.75 533235
3162.5  534092
3179  534950
3195.5  535832
3211  536687
3227.5  537550
3244.75 538412
3262  539289
3280  540147
3297.5  541037
3314.75 541910
3333  542765
3351.5  543617
3369.5  544504
3387.75 545404
3404.5  546275
3422.5  547133
3441.5  547998
3460.5  548861
3480.25 549718
3499  550596
3517.75 551457
3538.25 552316
3557.75 553174
3579.75 554032
3599  554898
3618.5  555785
3638  556664
3659.5  557538
3680.75 558421
3702  559289
3722  560145
3742.5  561008
3764  561902
3785  562765
3804  563635
3824.75 564529
3845.75 565388
3867  566262
3889.25 567151
3910.75 568017
3931.75 568888
3953  569794
3976  570659
3998.75 571537
4021.25 572398
4043.75 573279
4066  574170
4092.25 575046
4113.25 575945
4136.5  576833
4159  577726
4182.75 578594
4205.5  579460
4230.25 580347
4256.75 581213
4283.25 582098
4308.5  583047
4332.25 583921
4355.75 584789
4380.5  585658
4405.25 586548
4429.75 587427
4456  588321
4483.25 589230
4510.5  590107
4536.75 590982
4563  591855
4589  592731
4616.5  593595
4642.25 594457
4668  595327
4693.25 596192
4723  597052
4750  597933
4776.5  598805
4804.25 599700
4831.5  600605
4858.5  601471
4886  602335
4914  603204
4942.75 604079
4972  604979
5002.5  605880
5030.5  606753
5058.5  607632
5088.25 608539
5117  609429
5148  610316
5177  611205
5207  612073
5238.25 612941
5267.25 613821
5297.5  614700
5328  615577
5358.5  616514
5388.75 617395
5419.25 618290
5454.75 619193
5485  620095
5517.25 621002
5547.5  621884
5579  622767
5611.5  623639
5642.25 624515
5675.75 625411
5711.25 626289
5743.5  627159
5777.75 628030
5812  628980
5845.75 629859
5879.75 630755
5913.5  631643
5951.25 632521
5986  633398
6021  634301
6055.75 635188
6090.5  636093
6126.25 636986
6160.5  637897
6199.25 638817
6235.25 639727
6271  640619
6305.25 641511
6340.75 642410
6375.75 643292
6413.75 644172
6454  645081
6492.25 646008
6531  646888
6569.5  647777
6610.5  648695
6649.25 649580
6691.25 650481
6733.25 651398
6776.75 652305
6820.5  653211
6863.5  654091
6907.25 654993
6954.75 655881
6997  656786
7041.25 657673
7087.25 658569
7133  659462
7180.5  660375
7228.5  661295
7275.5  662199
7322  663111
7370.75 664031
7424.25 664943
7473.75 665840
7522.25 666743
7570.5  667657
7620.75 668565
7676.25 669444
7728.25 670343
7782.5  671248
7836.75 672170
7892.75 673068
7948.5  673983
8001.25 674880
8058.5  675779
8115  676682
8173.75 677586
8231.5  678510
8287.5  679426
8347.5  680332
8405.25 681257
8465.75 682230
8524.5  683186
8587.5  684104
8655.5  685011
8721.5  685917
8786.25 686851
8855.75 687762
8930.25 688678
9001.5  689597
9072.25 690539
9150.25 691506
9224.25 692457
9297.75 693373
9373.5  694308
9450.25 695268
9528.25 696218
9604  697149
9687  698055
9770.5  698957
9851.25 699918
9932.25 700836
10016.25  701772
10106 702694
10185 703643
10268.25  704546
10360.25  705491
10443.75  706499
10527.5 707443
10609 708416
10691.5 709368
10775 710325
10864.25  711266
10952 712212
11039.5 713167
11130.25  714113
11219.75  715045
11311.75  716019
11405.25  716967
11501.75  717883
11597.25  718886
11694.25  719888
11791.25  720860
11892.25  721862
11986 722847
12087 723782
12191.25  724739
12294.25  725704
12403.25  726671
12509.25  727642
12613 728566
12720 729517
12826.25  730497
12935.75  731448
13050 732452
13165.5 733402
13276 734329
13386 735243
13510 736258
13630.5 737278
13745 738252
13864 739268
13984.75  740237
14104 741260
14229.75  742235
14353.75  743226
14483 744233
14619.75  745178
14750.5 746179
14877.5 747167
15007.25  748099
15137.5 749113
15273 750125
15401.75  751151
15535 752149
15686.5 753164
15831.5 754065
15969.75  755079
16130.5 756000
16278 756975
16422.75  758000
16574 759015
16725.75  760036
16885 761044
17044.25  762057
17209.25  763085
17388.25  764102
17570.25  765305
17742 766311
17919.75  767329
18098 768354
18283.5 769394
18466 770418
18658.5 771482
18849.25  772535
19039.25  773548
19229.5 774570
19448.75  775652
19653 776640
19843.75  777637
20054.25  778674
20266.25  779813
20479.25  780909
20684.5 781963
20889.25  783103
21115 784101
21383.25  785182
21619.25  786211
21848.5 787311
22079 788438
22331.5 789505
22585.25  790612
22848.75  791659
23119.5 792867
23392.75  793929
23659.5 795047
23942 796049
24225.5 797195
24503.5 798336
24804.25  799487
25103.5 800595
25410.25  801740
25752 802862
26085.75  804058
26424.25  805143
26786 806258
27126 807441
27504.5 808525
27859.5 809676
28248.75  810832
28619.5 812013
29003.25  813231
29411 814439
29813.75  815572
30285.5 816658
30726 817819
31171 819040
31631 820204
32171.75  821549
32647 822701
33196.75  823828
33693.75  824987
34189.5 826174
34685.75  827338
35172.75  828622
35668.5 829939
36164 831254
36727.75  832430
37235.5 833476
37821.25  834521
38366.75  835808
38970.25  836894
39530.25  838215
40088 839562
40667.5 840759
41230.75  842085
41837.25  843378
42417.5 844536
43017.25  845865
43635 847202
44298 848494
44961.25  849830
45689.75  850992
46391.75  852409
47101.5 853801
47836.5 855193
48591.25  856371
49383.5 857564
50208.75  858762
51003.75  860119
51767.25  861537
52537.5 862978
53316 864375
54117.5 865793
54982.5 867019
55898.5 868232
56737.75  869793
57605.5 871032
58520 872485
59432.75  873754
60327.25  875145
61302.25  876579
62202.5 878030
63123 879488
64191.25  880884
65256.5 882470
66213.75  884057
67185 885509
68296.5 886951
69440.75  888391
70601 890037
71708.75  891667
72903.25  893322
74072 894937
75479.25  896431
76930.75  897873
78180.5 899437
79552.25  900940
80953.25  902444
82303.5 904120
83814.5 905565
85245.75  907250
86692.25  908736
88181.75  910508
89536 912268
91262.75  913787
92973.5 915308
94498.75  917023
96079.25  918859
97936.5 920831
99817.25  922322
101382.25 923850
103001.5  925967
104704.25 928257
106740.75 929794
108933.5  931362
110891.25 933533
112905  935734
114913  937940
116944.25 940206
119358.25 942034
121808.5  943619
123978.25 946069
126152.5  948322
128458  950797
131007.25 952673
133670  954818
136249.5  957353
139200.75 959307
141923.75 961842
145328  964149
148260.25 965898
151225  968425
154246  970477
157486.75 973137
160746.75 975609
163836.5  977693
167234.75 979718
170852.75 981777
174437.25 983901
178307.25 985988
182117.75 988069
185943.25 990251
190186.25 992389
194166.75 995031
198851.5  997255
203421.25 999497
207912.75 1001769
212557.5  1004048
217688.5  1006562
222622.75 1009035
227658  1011381
232824.5  1013702
237990.75 1016309
243776.25 1019099
249078  1021928
254573  1024484
260435.5  1026880
266102.75 1029569
271851.75 1032157
277596  1034723
283575.75 1037311
290196.5  1039742
296185  1042349
302448.5  1045189
308812  1047798
315675.75 1050572
321772.25 1053234
328459  1055927
335233  1058834
342400.75 1061570
349851  1064303
356918  1067060
364224  1069976
371502.25 1072834
379118.25 1075612
386948.75 1078621
394666.25 1081743
403410.5  1084697
413523.75 1087550
423833.75 1090336
434222.75 1093168
444116.75 1095995
454517.75 1099240
465026.25 1102080
475636  1104888
486628.25 1107701
498074.25 1110625
509665.5  1113675
521649  1117157
533770.5  1120491
545797.75 1123954
557996  1127059
570489.25 1130984
583140.75 1134404
596300.75 1137833
609704  1141815
622855.75 1145448
636329.25 1149443
650092.25 1153510
663620.75 1156478
677209.75 1159481
690889.5  1162439
705283.5  1166019
719680.75 1169633
734258.75 1172673
749428  1176872
764925.75 1181110
