0.75  651
1.583333333 1265
2.416666667 1886
3.333333333 2507
4.25  3128
5.25  3752
6.166666667 4384
7.416666667 5009
8.75  5645
10.08333333 6264
11.75 6909
13.33333333 7563
14.66666667 8202
16.25 8827
18  9453
19.83333333 10073
22.08333333 10696
24.16666667 11314
26.33333333 11950
28.66666667 12570
31.08333333 13194
33.58333333 13855
36.41666667 14477
39.08333333 15115
42.16666667 15748
45.41666667 16391
48.41666667 17015
51.91666667 17679
55.75 18326
59.41666667 18980
63.08333333 19618
67.41666667 20253
72.08333333 20890
76.83333333 21541
81.08333333 22177
88.08333333 22854
94.75 23517
101.9166667 24185
109.3333333 24831
116 25480
124 26126
132.25  26786
140.1666667 27437
148.5833333 28097
155.9166667 28757
163.5 29399
171.75  30094
181.6666667 30728
191.75  31361
201.8333333 31986
214 32637
226.0833333 33278
238 33931
250 34567
263.4166667 35245
274.3333333 35907
288.1666667 36570
304.25  37258
318.5 37919
334.4166667 38602
350.0833333 39253
366.75  39935
384.5833333 40569
403.4166667 41266
420.25  41929
439.8333333 42578
466.5833333 43266
496 43933
529.25  44601
567.5833333 45287
602.8333333 45995
640 46667
679.75  47386
725.6666667 48099
775.0833333 48792
823.5833333 49486
872.4166667 50183
924.0833333 50885
975.75  51579
1026.666667 52277
1080.75 52978
1151.833333 53688
1222.166667 54399
1285.166667 55126
1351.333333 55855
1418.083333 56592
1496.5  57317
1582.833333 58037
1678.25 58765
1783.916667 59501
1893.583333 60263
2024.416667 61004
2160.833333 61817
2300.583333 62645
2454.083333 63490
2619.5  64345
2785.333333 65207
2964.583333 66057
3196.083333 66951
3559  68130
4081.666667 69405
4686.916667 70690
5346.333333 72025
6119.833333 73409
6974.583333 74789
7829.25 76172
9053.25 77635
10211.58333 79384
11551.08333 80885
12978.16667 82774
14582.83333 84728
16262.16667 86916
19422.83333 88933
22709.83333 91545
25907.83333 93624
30028.83333 95647
