0 14976  55 630 1136
1 19968  51 549 881
2 29952  52 560 1077
3 39936  62 549 1067
4 14976  51 557 879
5 239616  428 814 1258
6 407680  460 828 1260
7 154752  63 755 1442
8 239616  414 772 1251
9 1680640  573 1205 1750
10 3006848  338 1871 1773
11 1025024  465 995 1741
12 104832  53 772 1236
13 407680  445 818 1266
14 3261440  351 1851 1799
15 6522880  1021 2856 1922
16 1921920  533 1342 1754
17 179712  61 746 1406
18 154752  61 918 1673
19 1104896  488 999 1772
20 2146560  278 1661 1760
21 668928  114 945 1811
22 89856  52 763 1222
23 59904  52 763 1212
24 104832  53 749 1228
25 59904  48 761 1211
26 14976  72 550 874
27 29952  51 553 1073
28 239616  412 778 1250
29 1680640  584 1193 1749
30 3261440  344 1884 1801
31 1104896  504 1002 1751
32 59904  53 781 1214
33 14976  50 576 856
34 1680640  556 1178 1765
35 44588544  3431 11916 2732
36 125199360  8933 34940 4865
37 20500480  1985 6995 2634
38 768768  114 960 1861
39 19968  55 579 880
40 3006848  345 1914 1819
41 125199360  8944 34778 5170
42 268311680  21135 84525 8533
43 66703104  5095 21834 3249
44 1118208  509 1029 1766
45 1025024  488 1023 1767
46 20500480  1984 6988 2576
47 60128640  4372 14794 3053
48 9443200  1212 3551 2031
49 519168  430 869 1475
50 104832  53 771 1227
51 768768  117 946 1808
52 1153152  471 1036 1745
53 519168  481 840 1460
54 29952  56 543 1080
55 19968  51 551 879
56 39936  53 559 1075
57 14976  49 552 881
58 407680  433 824 1263
59 3006848  353 1947 1774
60 6522880  1049 2866 1927
61 2146560  274 1688 1751
62 104832  53 773 1237
63 29952  54 555 1092
64 3261440  343 1869 1798
65 125199360  8990 34865 4867
66 268311680  21129 84354 8519
67 60128640  4283 14999 3102
68 1153152  477 1060 1810
69 39936  57 561 1076
70 6522880  1084 2976 1913
71 268311680  21170 84465 8525
72 306958080  35207 131771 9380
73 173630080  12440 45039 6185
74 1848704  558 1402 1810
75 1921920  579 1369 1785
76 66703104  5113 21878 3201
77 173630080  12445 45013 6122
78 30825600  2827 9861 2501
79 757120  113 972 1835
80 179712  57 756 1434
81 1118208  500 1026 1750
82 1848704  532 1323 2917
83 722176  438 871 1491
84 59904  53 758 1217
85 154752  65 765 1453
86 1025024  481 1003 1782
87 1921920  545 1342 1751
88 668928  112 926 1811
89 59904  52 734 1193
90 1104896  528 1020 1758
91 20500480  2046 6968 2572
92 66703104  5036 21643 3182
93 9443200  1209 3637 2028
94 519168  461 824 1489
95 14976  53 686 883
96 2146560  299 1748 1855
97 60128640  4409 14789 3058
98 173630080  12436 45062 6101
99 30825600  2787 9593 2524
100 722176  455 888 1522
101 668928  122 981 1819
102 9443200  1255 3703 2027
103 30825600  2745 9369 2486
104 5031936  921 2266 1888
105 332800  416 826 1260
106 89856  52 765 1222
107 519168  447 836 1467
108 757120  114 941 1836
109 332800  437 800 1286
110 19968  54 573 882
111 104832  58 765 1230
112 179712  57 747 1449
113 89856  53 759 1220
114 59904  49 756 1213
115 768768  117 930 1809
116 1118208  505 1031 1759
117 519168  447 816 1480
118 29952  54 570 1080
119 104832  54 767 1226
120 1153152  518 1035 1734
121 1848704  541 1363 1770
122 757120  116 938 1856
123 59904  57 757 1233
124 59904  48 730 1215
125 519168  435 838 1478
126 722176  479 897 1483
127 332800  410 837 1269
128 19968  52 540 893
129 29952  51 562 1094
130 59904  48 765 1244
131 19968  68 543 875
0 63471616  3513 15982 3083
1 63471616  3552 15825 3071
2 63471616  3640 15928 3053
3 63471616  3567 15777 3043
4 63471616  3579 15898 3055
5 63471616  3575 15806 3063
6 63471616  3632 15887 3087
7 63471616  3538 15748 3043
8 63471616  3567 15903 3047
9 63471616  3544 15778 3038
10 63471616  3602 15906 3022
11 63471616  3532 15721 3036
12 63471616  3602 15902 3011
13 63471616  3556 15879 3026
14 63471616  3535 15829 3024
15 63471616  3541 15818 3007
16 63471616  3611 15939 3029
17 63471616  3552 15812 3033
18 63471616  3606 15821 3051
19 63471616  3553 15884 3043
20 63471616  3593 15898 3042
21 63471616  3592 15865 3008
22 63471616  3544 15862 3052
23 63471616  3600 15821 3039
24 63471616  3596 15974 3278
25 63471616  3564 15855 3057
26 63471616  3552 15838 3127
27 63471616  3572 15777 3825
28 63471616  3604 15907 3055
29 63471616  3587 15846 2982
30 63471616  3568 15822 3024
31 63471616  3554 15907 3054
32 63471616  3624 15900 3020
33 63471616  3591 15838 3022
34 63471616  3575 15813 3047
35 63471616  3538 15787 3050
36 63471616  3594 15923 3043
37 63471616  3597 15879 2992
38 63471616  3533 15844 3052
39 63471616  3554 15830 3052
40 63471616  3573 15928 3035
41 63471616  3588 15869 3021
42 63471616  3553 15820 3071
43 63471616  3544 15764 3065
44 63471616  3613 15939 3042
45 63471616  3592 15902 3033
46 63471616  3532 15873 3021
47 63471616  3613 15852 3009
48 63471616  3592 15943 3019
49 63471616  3569 15880 3023
50 63471616  3538 15827 3045
51 63471616  3527 15820 3035
52 63471616  3576 15862 3024
53 63471616  3596 15900 3023
54 63471616  3606 15849 3045
55 63471616  3594 15819 2993
56 63471616  3611 15905 3016
57 63471616  3574 15870 3010
58 63471616  3546 15834 3019
59 63471616  3522 15872 3007
