0 14976 
1 19968 
2 29952 
3 39936 
4 14976 
5 239616 
6 407680 
7 154752 
8 239616 
9 1680640 
10 3006848 
11 1025024 
12 104832 
13 407680 
14 3261440 
15 6522880 
16 1921920 
17 179712 
18 154752 
19 1104896 
20 2146560 
21 668928 
22 89856 
23 59904 
24 104832 
25 59904 
26 14976 
27 29952 
28 239616 
29 1680640 
30 3261440 
31 1104896 
32 59904 
33 14976 
34 1680640 
35 44588544 
36 125199360 
37 20500480 
38 768768 
39 19968 
40 3006848 
41 125199360 
42 268311680 
43 66703104 
44 1118208 
45 1025024 
46 20500480 
47 60128640 
48 9443200 
49 519168 
50 104832 
51 768768 
52 1153152 
53 519168 
54 29952 
55 19968 
56 39936 
57 14976 
58 407680 
59 3006848 
60 6522880 
61 2146560 
62 104832 
63 29952 
64 3261440 
65 125199360 
66 268311680 
67 60128640 
68 1153152 
69 39936 
70 6522880 
71 268311680 
72 306958080 
73 173630080 
74 1848704 
75 1921920 
76 66703104 
77 173630080 
78 30825600 
79 757120 
80 179712 
81 1118208 
82 1848704 
83 722176 
84 59904 
85 154752 
86 1025024 
87 1921920 
88 668928 
89 59904 
90 1104896 
91 20500480 
92 66703104 
93 9443200 
94 519168 
95 14976 
96 2146560 
97 60128640 
98 173630080 
99 30825600 
100 722176 
101 668928 
102 9443200 
103 30825600 
104 5031936 
105 332800 
106 89856 
107 519168 
108 757120 
109 332800 
110 19968 
111 104832 
112 179712 
113 89856 
114 59904 
115 768768 
116 1118208 
117 519168 
118 29952 
119 104832 
120 1153152 
121 1848704 
122 757120 
123 59904 
124 59904 
125 519168 
126 722176 
127 332800 
128 19968 
129 29952 
130 59904 
131 19968 
0 63471616 
1 63471616 
2 63471616 
3 63471616 
4 63471616 
5 63471616 
6 63471616 
7 63471616 
8 63471616 
9 63471616 
10 63471616 
11 63471616 
12 63471616 
13 63471616 
14 63471616 
15 63471616 
16 63471616 
17 63471616 
18 63471616 
19 63471616 
20 63471616 
21 63471616 
22 63471616 
23 63471616 
24 63471616 
25 63471616 
26 63471616 
27 63471616 
28 63471616 
29 63471616 
30 63471616 
31 63471616 
32 63471616 
33 63471616 
34 63471616 
35 63471616 
36 63471616 
37 63471616 
38 63471616 
39 63471616 
40 63471616 
41 63471616 
42 63471616 
43 63471616 
44 63471616 
45 63471616 
46 63471616 
47 63471616 
48 63471616 
49 63471616 
50 63471616 
51 63471616 
52 63471616 
53 63471616 
54 63471616 
55 63471616 
56 63471616 
57 63471616 
58 63471616 
59 63471616 
