55 630 1136
51 549 881
52 560 1077
62 549 1067
51 557 879
428 814 1258
460 828 1260
63 755 1442
414 772 1251
573 1205 1750
338 1871 1773
465 995 1741
53 772 1236
445 818 1266
351 1851 1799
1021 2856 1922
533 1342 1754
61 746 1406
61 918 1673
488 999 1772
278 1661 1760
114 945 1811
52 763 1222
52 763 1212
53 749 1228
48 761 1211
72 550 874
51 553 1073
412 778 1250
584 1193 1749
344 1884 1801
504 1002 1751
53 781 1214
50 576 856
556 1178 1765
3431 11916 2732
8933 34940 4865
1985 6995 2634
114 960 1861
55 579 880
345 1914 1819
8944 34778 5170
21135 84525 8533
5095 21834 3249
509 1029 1766
488 1023 1767
1984 6988 2576
4372 14794 3053
1212 3551 2031
430 869 1475
53 771 1227
117 946 1808
471 1036 1745
481 840 1460
56 543 1080
51 551 879
53 559 1075
49 552 881
433 824 1263
353 1947 1774
1049 2866 1927
274 1688 1751
53 773 1237
54 555 1092
343 1869 1798
8990 34865 4867
21129 84354 8519
4283 14999 3102
477 1060 1810
57 561 1076
1084 2976 1913
21170 84465 8525
35207 131771 9380
12440 45039 6185
558 1402 1810
579 1369 1785
5113 21878 3201
12445 45013 6122
2827 9861 2501
113 972 1835
57 756 1434
500 1026 1750
532 1323 2917
438 871 1491
53 758 1217
65 765 1453
481 1003 1782
545 1342 1751
112 926 1811
52 734 1193
528 1020 1758
2046 6968 2572
5036 21643 3182
1209 3637 2028
461 824 1489
53 686 883
299 1748 1855
4409 14789 3058
12436 45062 6101
2787 9593 2524
455 888 1522
122 981 1819
1255 3703 2027
2745 9369 2486
921 2266 1888
416 826 1260
52 765 1222
447 836 1467
114 941 1836
437 800 1286
54 573 882
58 765 1230
57 747 1449
53 759 1220
49 756 1213
117 930 1809
505 1031 1759
447 816 1480
54 570 1080
54 767 1226
518 1035 1734
541 1363 1770
116 938 1856
57 757 1233
48 730 1215
435 838 1478
479 897 1483
410 837 1269
52 540 893
51 562 1094
48 765 1244
68 543 875
3513 15982 3083
3552 15825 3071
3640 15928 3053
3567 15777 3043
3579 15898 3055
3575 15806 3063
3632 15887 3087
3538 15748 3043
3567 15903 3047
3544 15778 3038
3602 15906 3022
3532 15721 3036
3602 15902 3011
3556 15879 3026
3535 15829 3024
3541 15818 3007
3611 15939 3029
3552 15812 3033
3606 15821 3051
3553 15884 3043
3593 15898 3042
3592 15865 3008
3544 15862 3052
3600 15821 3039
3596 15974 3278
3564 15855 3057
3552 15838 3127
3572 15777 3825
3604 15907 3055
3587 15846 2982
3568 15822 3024
3554 15907 3054
3624 15900 3020
3591 15838 3022
3575 15813 3047
3538 15787 3050
3594 15923 3043
3597 15879 2992
3533 15844 3052
3554 15830 3052
3573 15928 3035
3588 15869 3021
3553 15820 3071
3544 15764 3065
3613 15939 3042
3592 15902 3033
3532 15873 3021
3613 15852 3009
3592 15943 3019
3569 15880 3023
3538 15827 3045
3527 15820 3035
3576 15862 3024
3596 15900 3023
3606 15849 3045
3594 15819 2993
3611 15905 3016
3574 15870 3010
3546 15834 3019
3522 15872 3007
