0 19968 2009030 1216
1 19968 2008610 736
2 19968 2008190 753
3 19968 2010500 794
4 19968 2009030 755
5 19968 2008610 724
6 19968 2009030 748
7 19968 2010710 748
8 19968 2008190 723
9 19968 2010710 773
10 19968 2009030 778
11 19968 2009030 766
12 19968 2010500 722
13 19968 2009030 768
14 19968 2008610 798
15 19968 2008190 757
16 19968 2010500 727
17 19968 2010710 750
18 49920 2073200 813
19 49920 2073200 783
20 49920 2073200 759
21 59904 2106020 791
22 59904 2106020 761
23 59904 2106020 779
24 89856 2111150 909
25 89856 2111150 851
26 89856 2111150 945
27 124800 2237250 871
28 124800 2237250 835
29 124800 2237250 866
30 139776 2259840 952
31 139776 2259840 864
32 139776 2259840 858
33 149760 2441750 903
34 149760 2441750 872
35 149760 2441750 844
36 154752 2367040 845
37 154752 2367040 849
38 154752 2367040 859
39 154752 2367040 862
40 154752 2367040 846
41 154752 2367040 863
42 164736 2532950 928
43 164736 2532950 897
44 164736 2532950 879
45 174720 2472500 885
46 174720 2472500 862
47 174720 2472500 867
48 179712 2619380 885
49 179712 2619380 860
50 179712 2619380 859
51 239616 2639360 944
52 239616 2639360 874
53 239616 2639360 871
54 286208 3012220 896
55 286208 3012220 878
56 286208 2917620 893
57 286208 3012220 859
58 286208 2917620 872
59 286208 2917620 859
60 292864 3069200 940
61 292864 3108800 918
62 292864 2999900 886
63 292864 3108800 867
64 292864 2999900 894
65 292864 3069200 871
66 292864 3069200 872
67 292864 2999900 886
68 292864 3108800 873
69 319488 3223040 975
70 319488 3223040 894
71 319488 3223040 866
72 332800 3415250 906
73 332800 3415250 874
74 332800 3415250 875
75 339456 3485120 899
76 339456 3485120 897
77 339456 3485120 901
78 352768 3574100 964
79 352768 3574100 920
80 352768 3574100 872
81 359424 3722600 912
82 359424 3722600 884
83 359424 3722600 872
84 359424 3722600 892
85 359424 3722600 876
86 359424 3796850 919
87 359424 3722600 922
88 359424 3796850 896
89 359424 3796850 876
90 574080 5260250 1002
91 628992 5346560 974
92 628992 5346560 941
93 628992 5628800 914
94 628992 5346560 927
95 628992 5628800 1038
96 628992 5628800 972
97 638976 5785600 992
98 638976 5785600 975
99 638976 5619200 954
100 638976 5785600 966
101 638976 5619200 953
102 638976 5619200 980
103 690560 7298720 1101
104 690560 7298720 1059
105 690560 7298720 1014
106 758784 7471620 1014
107 758784 7471620 1016
108 758784 7471620 1005
109 885248 7939780 1013
110 885248 7939780 1014
111 885248 7939780 1051
112 928512 9561830 1078
113 928512 9561830 1059
114 928512 9561830 1055
115 978432 9889700 1082
116 978432 9211400 1045
117 978432 9889700 1036
118 978432 9211400 1045
119 978432 9211400 1069
120 978432 9889700 1037
121 1083264 10785710 1066
122 2545920 37696430 1748
123 2545920 37696430 1719
124 2545920 37696430 1729
125 2728960 44890100 1836
126 2728960 44890100 1807
127 2728960 44890100 1794
128 3414528 57588680 2018
129 3414528 57588680 2006
130 3414528 57588680 1942
131 3654144 64461560 2030
132 3654144 64461560 2065
133 3654144 64461560 2055
134 4001920 70303850 2029
135 4001920 70303850 2025
136 4001920 70303850 2049
137 4153344 76297280 2220
138 4153344 76297280 2143
139 4153344 76297280 2150
140 5431296 104459000 2433
141 5431296 104459000 2366
142 5431296 104459000 2400
143 6223360 131086100 2585
144 6223360 131086100 2574
145 6223360 131086100 2536
146 22464000 642678500 6570
147 22464000 642678500 6334
148 22464000 642678500 6351
149 25875200 772434080 6903
150 25875200 772434080 6921
151 25875200 772434080 6980
152 26374400 792319040 6888
153 26374400 792319040 6847
154 26374400 792319040 6839
155 31589376 1022627300 8422
156 31589376 1022627300 8542
157 31589376 1022627300 8484
158 37779456 1249326800 9371
159 37779456 1249326800 9360
160 37779456 1249326800 9476
161 43122560 1477486500 10523
162 43122560 1477486500 10485
163 43122560 1477486500 10496
164 45190912 1584181040 10704
165 45190912 1584181040 10583
166 45190912 1584181040 10704
167 51440896 1869541130 12014
168 51440896 1869541130 11868
169 51440896 1869541130 12006
170 166573056 8265262700 44051
171 177344128 9229696340 45783
172 177344128 9229696340 45781
173 177344128 9229696340 45997
174 184005120 10298240570 48343
175 184555904 9964566500 47731
176 184555904 9964566500 47689
177 184555904 9964566500 47391
0 63471616 1817007740 12549
1 63471616 1817007740 12446
2 63471616 1817007740 12430
3 63471616 1817007740 12209
4 63471616 1817007740 12238
5 63471616 1817007740 15339
6 63471616 1817007740 12431
7 63471616 1817007740 12233
8 63471616 1817007740 12286
9 63471616 1817007740 12316
10 63471616 1817007740 12411
11 63471616 1817007740 12431
12 63471616 1817007740 12423
13 63471616 1817007740 12275
14 63471616 1817007740 12403
15 63471616 1817007740 12397
16 63471616 1817007740 12136
17 63471616 1817007740 12369
18 63471616 1817007740 12420
19 63471616 1817007740 12432
20 63471616 1817007740 12202
21 63471616 1817007740 12417
22 63471616 1817007740 12463
23 63471616 1817007740 12457
24 63471616 1817007740 12274
25 63471616 1817007740 12226
26 63471616 1817007740 12318
27 63471616 1817007740 12228
28 63471616 1817007740 12237
29 63471616 1817007740 12226
30 63471616 1817007740 12353
31 63471616 1817007740 12266
32 63471616 1817007740 12294
33 63471616 1817007740 12271
34 63471616 1817007740 12222
35 63471616 1817007740 12293
36 63471616 1817007740 12450
37 63471616 1817007740 12291
38 63471616 1817007740 12395
39 63471616 1817007740 12174
40 63471616 1817007740 12380
41 63471616 1817007740 12134
42 63471616 1817007740 12404
43 63471616 1817007740 12228
44 63471616 1817007740 12072
45 63471616 1817007740 12225
46 63471616 1817007740 12508
47 63471616 1817007740 12419
48 63471616 1817007740 12392
49 63471616 1817007740 12233
50 63471616 1817007740 12345
51 63471616 1817007740 12329
52 63471616 1817007740 12264
53 63471616 1817007740 12381
54 63471616 1817007740 12423
55 63471616 1817007740 12196
56 63471616 1817007740 12374
57 63471616 1817007740 12201
58 63471616 1817007740 12451
59 63471616 1817007740 12336
