999642940
999642940
990639400
990639400
819124000
802868740
794802220
786776440
778791400
770847100
747258640
739477300
739477300
724036840
716377720
656571400
649278940
627646000
613427740
592449840
592397640
592412790
592224560
592462080
592452760
592417740
592383480
592447350
592393270
592398930
592457220
592432440
592465080
592228260
592463460
592445720
592461430
592451880
592385700
592464930
592461430
592464160
592464750
592444910
592422740
592391860
592410660
592457690
592457160
592462970
592461170
592463600
592463550
592447360
592464880
592462860
592307480
592336630
592249170
592465120
