0 19968 59 583 59
1 9984 51 363 51
2 44928 56 580 56
3 66560 51 768 51
4 29952 51 542 51
5 29952 51 542 51
6 34944 54 546 54
7 9984 51 339 51
8 9984 51 338 51
9 19968 51 535 51
10 419328 435 838 435
11 1560832 489 1128 489
12 274560 455 816 455
13 19968 55 542 55
14 2221440 533 1339 533
15 19685120 606 5809 606
16 1297920 485 1041 485
17 19968 65 538 65
18 1244672 493 997 493
19 5491200 270 1737 270
20 605696 443 862 443
21 59904 54 749 54
22 86528 59 749 59
23 34944 52 542 52
24 34944 53 571 53
25 73216 51 761 51
26 14976 50 547 50
27 34944 53 570 53
28 2971904 568 1448 568
29 20092800 602 3456 602
30 883584 104 882 104
31 169728 57 775 57
32 29725696 1411 6991 1411
33 166424960 6234 27709 6234
34 6589440 333 1794 333
35 19968 60 537 60
36 66560 51 811 51
37 12480000 930 3804 930
38 84098560 2865 14707 2865
39 3554304 549 1531 549
40 14976 54 570 54
41 289536 64 782 64
42 524160 82 862 82
43 153088 57 756 57
44 34944 56 548 56
45 46592 55 559 55
46 26624 54 552 54
47 1980160 522 1313 522
48 5271552 603 1750 603
49 519168 453 855 453
50 133120 58 803 58
51 20267520 1462 5199 1462
52 110240000 4518 17764 4518
53 2913664 586 1453 586
54 99840 57 770 57
55 19462144 851 4920 851
56 90010752 3183 16360 3183
57 2421120 551 1398 551
58 14976 54 528 54
59 638976 438 842 438
60 1189760 106 910 106
61 299520 451 790 451
62 339456 421 810 421
63 765440 91 867 91
64 282880 420 815 420
65 5276544 756 2451 756
66 50479104 1909 10308 1909
67 2271360 553 1351 553
68 49920 58 586 58
69 15188992 1085 4121 1085
70 97813248 3563 18780 3563
71 2246400 530 1347 530
72 718848 445 837 445
73 1572480 118 938 118
74 291200 423 792 423
75 299520 432 811 432
76 988416 104 897 104
77 379392 423 825 423
78 4133376 679 2254 679
79 61607936 2480 11451 2480
80 4466176 670 1575 670
81 19968 57 526 57
82 5591040 752 2485 752
83 59734272 2074 10749 2074
84 2928640 597 1413 597
85 419328 430 871 430
86 765440 91 863 91
87 266240 419 819 419
88 349440 431 826 431
89 1467648 121 958 121
90 500864 436 827 436
91 3773952 670 1517 670
92 91130624 3385 18225 3385
93 7720960 852 3023 852
94 3536000 624 1486 624
95 53354496 1973 10661 1973
96 4313088 694 2227 694
97 316160 432 820 432
98 951808 98 861 98
99 439296 463 852 463
100 316160 451 830 451
101 1038336 103 883 103
102 489216 522 830 522
103 19968 56 562 56
104 3920384 663 1544 663
105 100339200 3504 17967 3504
106 11934208 1001 3614 1001
107 19968 57 581 57
108 19968 54 557 54
109 5308160 746 2496 746
110 133842176 5245 34288 5245
111 16718208 1331 4586 1331
112 33280 57 576 57
113 732160 474 843 474
114 8912384 321 2362 321
115 2096640 527 1350 527
116 19968 54 539 54
117 9984 50 358 50
118 53248 55 570 55
119 29952 52 545 52
120 146432 56 761 56
121 425984 429 839 429
122 241280 61 806 61
123 14976 59 569 59
124 5714176 271 1772 271
125 71635200 2231 13621 2231
126 5940480 700 1793 700
127 19968 57 566 57
128 19968 54 564 54
129 12489984 878 3994 878
130 164716032 5328 28186 5328
131 14172288 1065 4033 1065
132 46592 59 549 59
133 1262976 505 1032 505
134 15515136 444 3016 444
135 2143232 524 1306 524
136 14976 59 565 59
137 29952 52 564 52
138 73216 52 770 52
139 34944 52 540 52
140 34944 52 543 52
141 79872 52 765 52
142 24960 51 542 51
143 9984 51 340 51
144 559104 456 836 456
145 2306304 528 1396 528
146 605696 441 840 441
147 9984 55 321 55
148 9984 50 336 50
149 1262976 497 1002 497
150 6754176 291 1918 291
151 1064960 493 986 493
152 9984 53 339 53
153 274560 424 821 424
154 915200 98 904 98
155 266240 422 791 422
156 19968 54 534 54
157 14976 52 569 52
0 36421632 1293 7843 1293
1 29392896 792 7613 792
2 28327936 779 7573 779
3 26198016 759 3942 759
4 25772032 743 3927 743
5 27475968 766 7563 766
6 27049984 785 3943 785
7 21725184 551 3797 551
8 26836992 777 3894 777
9 25772032 742 3932 742
10 29392896 834 7628 834
11 31309824 998 7681 998
12 27049984 785 3965 785
13 25772032 733 3923 733
14 27475968 766 7532 766
15 27475968 775 7554 775
16 34717696 1289 7811 1289
17 27049984 767 3946 767
18 25985024 748 3875 748
19 26836992 766 3899 766
20 40042496 1757 7715 1757
21 25772032 737 3926 737
22 35356672 1280 7744 1280
23 32587776 1086 7719 1086
24 31309824 1049 7698 1049
25 25133056 725 3897 725
26 21725184 560 3819 560
27 31522816 1000 7567 1000
28 32161792 1070 7706 1070
29 24920064 719 3943 719
30 35143680 1268 7817 1268
31 40255488 1708 7924 1708
32 35995648 1289 7824 1289
33 35356672 1285 7718 1285
34 28327936 783 7596 783
35 26411008 752 3817 752
36 30670848 887 7411 887
37 27475968 763 7563 763
38 25559040 719 3773 719
39 27049984 765 3929 765
40 20134400 538 3521 538
41 19585280 517 3543 517
42 17571840 478 3382 478
43 16656640 456 3427 456
44 16473600 465 3396 465
45 17022720 459 3441 459
46 17388800 461 3440 461
47 19219200 500 3491 500
48 17571840 481 3380 481
49 17571840 477 3368 477
50 13544960 359 3346 359
51 14643200 366 3315 366
52 18487040 493 3510 493
53 17754880 485 3468 485
54 18487040 495 3600 495
55 19219200 494 3498 494
56 14094080 368 3382 368
57 15192320 457 3396 457
58 15924480 468 3419 468
59 16107520 457 3295 457
60 21232640 634 3444 634
61 23612160 687 6741 687
62 23063040 656 3530 656
63 18853120 491 3483 491
64 16473600 461 3393 461
65 15558400 459 3395 459
66 17937920 490 3467 490
67 18487040 489 3497 489
68 17571840 479 3405 479
69 13728000 362 3391 362
70 13911040 366 3307 366
71 16473600 460 3399 460
72 19219200 508 3510 508
73 20134400 530 3481 530
74 23246080 661 3613 661
75 15741440 462 3394 462
76 16473600 460 3383 460
77 18853120 489 3486 489
78 23612160 670 6720 670
79 19768320 515 3393 515
80 16290560 459 3412 459
81 17571840 474 3376 474
82 17937920 479 3427 479
83 15009280 453 3360 453
84 17388800 460 3436 460
85 16473600 455 3387 455
86 16290560 468 3423 468
87 16473600 457 3377 457
88 16839680 462 3340 462
89 20317440 527 3501 527
90 16839680 455 3332 455
91 14277120 371 3365 371
