16839680 7557
14277120 7478
19968 2519
9984 1842
44928 2589
66560 2927
29952 2540
29952 2553
34944 2555
9984 1851
9984 1827
19968 2173
419328 3444
1560832 4442
274560 3409
19968 2191
2221440 4902
19685120 10457
1297920 4371
19968 2192
1244672 4333
5491200 5439
605696 3818
59904 2953
86528 2960
34944 2557
34944 2572
73216 2908
14976 2184
34944 2562
2971904 5041
20092800 7924
883584 3803
169728 3309
29725696 12813
166424960 42178
6589440 5638
19968 2215
66560 3019
12480000 8525
84098560 23480
3554304 5221
14976 2239
289536 2962
524160 3829
153088 3329
34944 2549
46592 2564
26624 2196
1980160 4891
5271552 5474
519168 3836
133120 3339
20267520 10835
110240000 28954
2913664 5130
99840 2935
19462144 9894
90010752 25368
2421120 4988
14976 2189
638976 3803
1189760 4186
299520 3397
339456 3371
765440 3850
282880 3378
5276544 6540
50479104 17155
2271360 4944
49920 2586
15188992 9123
97813248 28513
2246400 4879
718848 3808
1572480 4247
291200 3361
299520 3397
988416 3818
379392 3395
4133376 6179
61607936 18938
4466176 5353
19968 2192
5591040 6522
59734272 17802
2928640 5059
419328 3605
765440 3836
266240 3385
349440 3430
1467648 4263
500864 3786
3773952 5288
91130624 27694
7720960 7433
3536000 5204
53354496 17585
4313088 6216
316160 3419
951808 3801
439296 3838
316160 3481
1038336 3863
489216 3890
19968 2190
3920384 5306
100339200 27885
11934208 8457
19968 2204
19968 2178
5308160 6561
133842176 46829
16718208 9949
33280 2575
732160 3875
8912384 6362
2096640 4873
19968 2199
9984 1837
53248 2556
29952 2546
146432 3312
425984 3410
241280 2982
14976 2218
5714176 5508
71635200 21107
5940480 5706
19968 2254
19968 2247
12489984 9230
164716032 41546
14172288 8983
46592 2567
1262976 4356
15515136 7254
2143232 4859
14976 2214
29952 2555
73216 2932
34944 2552
34944 2561
79872 2899
24960 2163
9984 1840
559104 3817
2306304 4920
605696 3818
9984 1830
9984 1854
1262976 4363
6754176 5682
1064960 3991
9984 1845
274560 3385
915200 3819
266240 3364
19968 2206
14976 2189
36421632 13621
29392896 12621
28327936 12545
26198016 8677
25772032 8650
27475968 12485
27049984 8703
21725184 8190
26836992 8624
25772032 8709
29392896 12660
31309824 13010
27049984 8761
25772032 8626
27475968 12487
27475968 12447
34717696 13473
27049984 8675
25985024 8555
26836992 8616
40042496 13998
25772032 8639
35356672 13394
32587776 13120
31309824 13032
25133056 8550
21725184 8248
31522816 12787
32161792 13080
24920064 8651
35143680 13518
40255488 14182
35995648 13550
35356672 13403
28327936 12563
26411008 8524
30670848 12556
27475968 12451
25559040 8431
27049984 8663
20134400 7972
19585280 7929
17571840 7703
16656640 7677
16473600 7617
17022720 7702
17388800 7700
19219200 7824
17571840 7706
17571840 7683
13544960 7407
14643200 7466
18487040 8057
17754880 7773
18487040 7945
19219200 7831
14094080 7495
15192320 7604
15924480 7847
16107520 7513
21232640 7952
23612160 11473
23063040 8103
18853120 7803
16473600 7636
15558400 7613
17937920 7813
18487040 7892
17571840 7761
13728000 7489
13911040 7422
16473600 7657
19219200 7870
20134400 7896
23246080 8221
15741440 7628
16473600 7636
18853120 7797
23612160 11461
19768320 7749
16290560 7629
17571840 7686
17937920 7699
15009280 7564
17388800 7711
16473600 7628
16290560 7701
16473600 7616
