456 3313 2444
360 3363 2410
59 583 1175
51 363 756
56 580 1130
51 768 1269
51 542 1106
51 542 1119
54 546 1114
51 339 772
51 338 754
51 535 909
435 838 1321
489 1128 1827
455 816 1304
55 542 918
533 1339 1857
606 5809 2454
485 1041 1822
65 538 915
493 997 1837
270 1737 2223
443 862 1526
54 749 1294
59 749 1314
52 542 1137
53 571 1125
51 761 1262
50 547 890
53 570 1095
568 1448 1844
602 3456 2497
104 882 1832
57 775 1494
1411 6991 2709
6234 27709 6197
333 1794 2270
60 537 918
51 811 1318
930 3804 2376
2865 14707 4197
549 1531 1946
54 570 915
64 782 1290
82 862 1894
57 756 1521
56 548 1116
55 559 1122
54 552 926
522 1313 1866
603 1750 1901
453 855 1527
58 803 1484
1462 5199 2604
4518 17764 4760
586 1453 1888
57 770 1267
851 4920 2497
3183 16360 4206
551 1398 1841
54 528 918
438 842 1527
106 910 2183
451 790 1331
421 810 1294
91 867 1892
420 815 1301
756 2451 1927
1909 10308 3381
553 1351 1862
58 586 1097
1085 4121 2463
3563 18780 4412
530 1347 1823
445 837 1530
118 938 2177
423 792 1301
432 811 1297
104 897 1813
423 825 1309
679 2254 1854
2480 11451 3490
670 1575 1890
57 526 918
752 2485 1891
2074 10749 3464
597 1413 1835
430 871 1455
91 863 1875
419 819 1300
431 826 1312
121 958 2165
436 827 1524
670 1517 1878
3385 18225 4339
852 3023 1967
624 1486 1870
1973 10661 3401
694 2227 1903
432 820 1313
98 861 1836
463 852 1523
451 830 1354
103 883 1882
522 830 1541
56 562 898
663 1544 1879
3504 17967 4584
1001 3614 2400
57 581 896
54 557 899
746 2496 1909
5245 34288 5210
1331 4586 2510
57 576 1123
474 843 1560
321 2362 2319
527 1350 1828
54 539 914
50 358 753
55 570 1117
52 545 1126
56 761 1502
429 839 1293
61 806 1288
59 569 915
271 1772 2251
2231 13621 3723
700 1793 1963
57 566 923
54 564 917
878 3994 2959
5328 28186 6006
1065 4033 2420
59 549 1121
505 1032 1821
444 3016 2422
524 1306 1849
59 565 919
52 564 1116
52 770 1270
52 540 1116
52 543 1117
52 765 1265
51 542 896
51 340 750
456 836 1526
528 1396 1820
441 840 1534
55 321 777
50 336 769
497 1002 1839
291 1918 2259
493 986 1498
53 339 753
424 821 1297
98 904 1809
422 791 1303
54 534 919
52 569 893
1293 7843 2818
792 7613 2654
779 7573 2622
759 3942 2585
743 3927 2579
766 7563 2601
785 3943 2584
551 3797 2475
777 3894 2568
742 3932 2657
834 7628 2627
998 7681 2708
785 3965 2623
733 3923 2587
766 7532 2604
775 7554 2591
1289 7811 2750
767 3946 2567
748 3875 2555
766 3899 2543
1757 7715 2865
737 3926 2590
1280 7744 2749
1086 7719 2720
1049 7698 2707
725 3897 2549
560 3819 2506
1000 7567 2650
1070 7706 2726
719 3943 2604
1268 7817 2785
1708 7924 2892
1289 7824 2814
1285 7718 2780
783 7596 2633
752 3817 2572
887 7411 2692
763 7563 2571
719 3773 2562
765 3929 2580
538 3521 2531
517 3543 2468
478 3382 2486
456 3427 2456
465 3396 2421
459 3441 2452
461 3440 2453
500 3491 2466
481 3380 2478
477 3368 2476
359 3346 2377
366 3315 2450
493 3510 2469
485 3468 2457
495 3600 2453
494 3498 2476
368 3382 2417
457 3396 2421
468 3419 2622
457 3295 2427
634 3444 2494
687 6741 2504
656 3530 2539
491 3483 2463
461 3393 2444
459 3395 2426
490 3467 2448
489 3497 2524
479 3405 2505
362 3391 2405
366 3307 2408
460 3399 2440
508 3510 2489
530 3481 2512
661 3613 2548
462 3394 2442
460 3383 2454
489 3486 2456
670 6720 2521
515 3393 2459
459 3412 2422
474 3376 2477
479 3427 2435
453 3360 2423
460 3436 2462
455 3387 2446
468 3423 2452
457 3377 2445
