19968 2587	60 600 1229
3328 1525	47 346 592
4992 1513	51 355 567
74880 2966	56 781 1293
547456 3958	492 869 1575
1214720 4533	565 1087 1858
357760 3498	463 846 1342
9984 1867	53 324 784
106496 2966	67 755 1290
988416 3921	117 913 1874
3727360 5317	597 1594 1922
931840 3899	112 913 1845
14976 2248	54 553 931
19968 2221	51 545 916
307840 3448	436 819 1308
477568 3827	442 834 1534
193024 3355	65 791 1519
3328 1535	49 340 585
166400 3396	59 807 1524
319488 3410	445 803 1321
146432 3357	57 762 1534
757120 4633	162 1199 2221
9300096 8721	1268 3596 2123
20725120 13980	2044 7265 2712
4363008 6440	733 2365 1913
193024 3397	64 797 1528
1797120 4925	536 1329 1865
89737856 33880	4455 23155 4272
179573888 57013	8245 39719 6575
33010432 12964	1449 6981 2844
329472 3481	434 839 1337
307840 3473	435 837 1332
3762304 6296	726 2245 1891
11980800 8688	1262 3461 2450
2098304 5121	579 1402 1899
93184 2989	59 777 1295
146432 3382	59 789 1525
229632 3032	61 802 1307
54912 2961	51 777 1274
4992 1525	51 352 562
319488 3504	435 803 1320
359424 3028	69 807 1316
241280 3060	64 816 1318
1063296 4107	512 1049 1501
19079424 12966	1983 6476 2723
76677120 28329	5487 16908 3511
10762752 8830	1239 3570 2456
349440 3452	438 839 1327
14976 2255	56 559 932
3953664 5303	589 1575 1928
188872320 59413	8549 41755 6635
291253248 104019	17973 74036 8673
81993600 23741	3071 14812 4140
648960 3942	92 876 1938
535808 3940	476 860 1584
16353792 9621	1348 4168 2558
76550656 22518	2982 13977 3889
4402944 5520	687 1622 1935
166400 3361	61 799 1512
239616 3075	63 821 1317
346112 3090	67 843 1335
116480 3396	60 791 1532
66560 3004	54 791 1300
116480 3350	59 805 1504
64896 2979	53 763 1304
299520 3481	438 832 1340
4372992 6722	833 2375 1968
8992256 8660	1202 3537 2197
2336256 5200	608 1400 1912
133120 3437	59 804 1524
572416 3864	457 840 1548
34070400 13220	1290 7402 2832
82900480 23391	3074 14480 4076
11117184 8570	852 3865 2409
166400 3403	66 811 1518
193024 3364	63 796 1518
1916928 5032	571 1351 1881
3833856 5440	725 1562 1877
1138176 4433	507 1020 1854
54912 2965	78 759 1283
59904 2957	52 779 1289
106496 2978	56 763 1296
19968 2238	51 549 928
13312 1848	46 334 787
193024 3414	61 781 1550
291200 3852	462 1000 1568
89856 2874	55 734 1266
19968 2151	54 531 889
337792 2925	65 781 1253
628992 3733	90 833 1836
183040 3224	58 783 1436
113152 3142	53 732 1426
139776 3201	56 734 1454
54912 2822	53 748 1225
32587776 13105	1150 7781 2628
40681472 14089	1645 7978 2832
46858240 15882	2039 9193 2936
40468480 14078	1753 7907 2789
32587776 12935	1076 7675 2631
37273600 13584	1338 7840 2766
41959424 15594	1884 9171 2873
47071232 16008	1977 9324 2960
41533440 15479	1822 9141 2847
31948800 12815	1048 7592 2632
31948800 12742	1035 7573 2599
38125568 13985	1707 7898 2766
41746432 15273	1845 8924 2836
47071232 15952	1952 9309 2975
42172416 15436	1837 9093 2835
32374784 12718	1063 7487 2613
32374784 12637	1029 7456 2580
102881792 35087	6206 22121 4583
46858240 15731	1967 9103 2944
41320448 15321	1820 9033 2826
32374784 12677	1076 7442 2591
32374784 12687	1064 7446 2609
40468480 13891	1613 7859 2796
37912576 13855	1701 7777 2742
36847616 13521	1330 7847 2734
42598400 15336	1859 8953 2854
39829504 14043	1721 7886 2802
32587776 12953	1097 7653 2649
32374784 12675	1073 7435 2617
40042496 13834	1705 7713 2792
31948800 12873	1078 7626 2629
20317440 7853	521 3515 2473
20134400 7799	529 3499 2433
20317440 7810	525 3487 2457
20683520 7898	639 3507 2410
16839680 7451	464 3321 2363
17022720 7517	458 3395 2361
17022720 7533	462 3402 2368
16839680 7419	461 3317 2330
16839680 7513	464 3326 2368
17022720 7547	461 3400 2377
17022720 7552	466 3404 2378
16839680 7447	460 3293 2387
27456000 11716	885 6747 2525
27456000 11704	887 6727 2547
14826240 7458	453 3373 2341
16107520 7406	460 3299 2347
28327936 12419	778 7536 2584
