0 19968
1 3328
2 4992
3 74880
4 547456
5 1214720
6 357760
7 9984
8 106496
9 988416
10 3727360
11 931840
12 14976
13 19968
14 307840
15 477568
16 193024
17 3328
18 166400
19 319488
20 146432
21 757120
22 9300096
23 20725120
24 4363008
25 193024
26 1797120
27 89737856
28 179573888
29 33010432
30 329472
31 307840
32 3762304
33 11980800
34 2098304
35 93184
36 146432
37 229632
38 54912
39 4992
40 319488
41 359424
42 241280
43 1063296
44 19079424
45 76677120
46 10762752
47 349440
48 14976
49 3953664
50 188872320
51 291253248
52 81993600
53 648960
54 535808
55 16353792
56 76550656
57 4402944
58 166400
59 239616
60 346112
61 116480
62 66560
63 116480
64 64896
65 299520
66 4372992
67 8992256
68 2336256
69 133120
70 572416
71 34070400
72 82900480
73 11117184
74 166400
75 193024
76 1916928
77 3833856
78 1138176
79 54912
80 59904
81 106496
82 19968
83 13312
84 193024
85 291200
86 89856
87 19968
88 337792
89 628992
90 183040
91 113152
92 139776
93 54912
0 32587776
1 40681472
2 46858240
3 40468480
4 32587776
5 37273600
6 41959424
7 47071232
8 41533440
9 31948800
10 31948800
11 38125568
12 41746432
13 47071232
14 42172416
15 32374784
16 32374784
17 102881792
18 46858240
19 41320448
20 32374784
21 32374784
22 40468480
23 37912576
24 36847616
25 42598400
26 39829504
27 32587776
28 32374784
29 40042496
30 31948800
31 20317440
32 20134400
33 20317440
34 20683520
35 16839680
36 17022720
37 17022720
38 16839680
39 16839680
40 17022720
41 17022720
42 16839680
43 27456000
44 27456000
45 14826240
46 16107520
47 28327936
