60 600 1229
47 346 592
51 355 567
56 781 1293
492 869 1575
565 1087 1858
463 846 1342
53 324 784
67 755 1290
117 913 1874
597 1594 1922
112 913 1845
54 553 931
51 545 916
436 819 1308
442 834 1534
65 791 1519
49 340 585
59 807 1524
445 803 1321
57 762 1534
162 1199 2221
1268 3596 2123
2044 7265 2712
733 2365 1913
64 797 1528
536 1329 1865
4455 23155 4272
8245 39719 6575
1449 6981 2844
434 839 1337
435 837 1332
726 2245 1891
1262 3461 2450
579 1402 1899
59 777 1295
59 789 1525
61 802 1307
51 777 1274
51 352 562
435 803 1320
69 807 1316
64 816 1318
512 1049 1501
1983 6476 2723
5487 16908 3511
1239 3570 2456
438 839 1327
56 559 932
589 1575 1928
8549 41755 6635
17973 74036 8673
3071 14812 4140
92 876 1938
476 860 1584
1348 4168 2558
2982 13977 3889
687 1622 1935
61 799 1512
63 821 1317
67 843 1335
60 791 1532
54 791 1300
59 805 1504
53 763 1304
438 832 1340
833 2375 1968
1202 3537 2197
608 1400 1912
59 804 1524
457 840 1548
1290 7402 2832
3074 14480 4076
852 3865 2409
66 811 1518
63 796 1518
571 1351 1881
725 1562 1877
507 1020 1854
78 759 1283
52 779 1289
56 763 1296
51 549 928
46 334 787
61 781 1550
462 1000 1568
55 734 1266
54 531 889
65 781 1253
90 833 1836
58 783 1436
53 732 1426
56 734 1454
53 748 1225
1150 7781 2628
1645 7978 2832
2039 9193 2936
1753 7907 2789
1076 7675 2631
1338 7840 2766
1884 9171 2873
1977 9324 2960
1822 9141 2847
1048 7592 2632
1035 7573 2599
1707 7898 2766
1845 8924 2836
1952 9309 2975
1837 9093 2835
1063 7487 2613
1029 7456 2580
6206 22121 4583
1967 9103 2944
1820 9033 2826
1076 7442 2591
1064 7446 2609
1613 7859 2796
1701 7777 2742
1330 7847 2734
1859 8953 2854
1721 7886 2802
1097 7653 2649
1073 7435 2617
1705 7713 2792
1078 7626 2629
521 3515 2473
529 3499 2433
525 3487 2457
639 3507 2410
464 3321 2363
458 3395 2361
462 3402 2368
461 3317 2330
464 3326 2368
461 3400 2377
466 3404 2378
460 3293 2387
885 6747 2525
887 6727 2547
453 3373 2341
460 3299 2347
778 7536 2584
