0 9984 2002520 1247
1 9984 2003120 758
2 9984 2003720 802
3 9984 2003240 771
4 9984 2003000 750
5 9984 2003060 726
6 9984 2003060 745
7 9984 2003600 939
8 14976 2005580 801
9 14976 2003900 743
10 14976 2004020 742
11 14976 2004140 769
12 14976 2004920 798
13 14976 2004440 767
14 19968 2006600 752
15 19968 2005880 746
16 19968 2007200 740
17 19968 2005760 781
18 19968 2007200 786
19 19968 2006420 756
20 19968 2007100 881
21 19968 2012390 783
22 19968 2007080 793
23 19968 2010710 797
24 19968 2007000 774
25 19968 2012600 778
26 19968 2008500 769
27 24960 2010950 801
28 26624 2009800 785
29 29952 2013650 778
30 29952 2013650 762
31 29952 2015540 759
32 29952 2014280 792
33 33280 2013500 832
34 34944 2019600 803
35 34944 2022400 761
36 34944 2021280 759
37 34944 2024640 796
38 34944 2024360 819
39 34944 2019600 778
40 34944 2023800 762
41 44928 2036900 772
42 46592 2035560 802
43 46592 2028280 815
44 49920 2028350 770
45 53248 2038160 758
46 59904 2072540 804
47 66560 2069850 785
48 66560 2067100 793
49 73216 2073920 783
50 73216 2081840 755
51 79872 2084240 770
52 86528 2109200 796
53 99840 2088550 825
54 133120 2213520 808
55 146432 2321310 803
56 153088 2336720 784
57 169728 2252450 811
58 241280 2604650 843
59 266240 2786720 840
60 266240 2712800 806
61 274560 2802230 811
62 274560 2734910 855
63 282880 2856800 856
64 289536 2735150 805
65 291200 2951300 813
66 299520 3032300 854
67 299520 3005660 846
68 316160 3178190 877
69 316160 3148550 811
70 339456 3094800 827
71 349440 3083600 832
72 379392 3296750 900
73 419328 3634430 871
74 419328 3571220 847
75 425984 3320000 840
76 439296 3692900 866
77 489216 3787940 882
78 500864 4033900 855
79 519168 4576860 879
80 524160 3757700 866
81 559104 4422560 945
82 605696 5017820 900
83 605696 4893800 859
84 638976 4775360 865
85 718848 5682800 919
86 732160 5588200 917
87 765440 5448390 914
88 765440 5405150 874
89 883584 7044500 923
90 915200 6496800 951
91 951808 6492280 920
92 988416 6989600 911
93 1038336 7236400 914
94 1064960 8094400 1028
95 1189760 8113800 966
96 1244672 10234460 1075
97 1262976 9752150 1011
98 1262976 9969500 1047
99 1297920 11797580 1062
100 1467648 10769600 964
101 1560832 11499260 1067
102 1572480 11394560 1023
103 1980160 17387550 1402
104 2096640 18886100 1318
105 2143232 19882040 1391
106 2221440 20142650 1324
107 2246400 21041750 1336
108 2271360 20962580 1398
109 2306304 18936920 1339
110 2421120 24481690 1383
111 2913664 30226120 1531
112 2928640 31304000 1438
113 2971904 28745350 1409
114 3536000 44367500 1582
115 3554304 31516850 1439
116 3773952 45845480 1576
117 3920384 47725000 1584
118 4133376 54750500 1895
119 4313088 60255200 1951
120 4466176 53395550 1620
121 5271552 52143500 1686
122 5276544 76594000 2096
123 5308160 76412550 2155
124 5491200 54671500 1640
125 5591040 75432800 2132
126 5714176 56909660 1691
127 5940480 70258400 1827
128 6589440 77939600 1780
129 6754176 66597500 1796
130 7720960 121011200 2668
131 8912384 90963160 2220
132 11934208 189658640 3198
133 12480000 183086750 3220
134 12489984 169842500 3253
135 14172288 230235560 3450
136 15188992 237642580 3591
137 15515136 168340160 2660
138 16718208 316778420 4018
139 19462144 322918460 4022
140 19685120 247402300 4206
141 20092800 225445000 3029
142 20267520 397898720 4489
143 29725696 580525640 5403
144 50479104 936552320 8006
145 53354496 986763200 8344
146 59734272 1071024770 8291
147 61607936 1058543920 8972
148 71635200 1213364000 10107
149 84098560 1545776600 10912
150 90010752 1901496500 12261
151 91130624 1733086280 13044
152 97813248 1910829300 13534
153 100339200 2180414000 13713
154 110240000 2657580000 14093
155 133842176 3380461180 24277
156 164716032 3591857450 20769
157 166424960 3872831140 22302
0 13544960 98903000 2843
1 13728000 101522000 2798
2 13911040 104175920 2790
3 14094080 106864760 2830
4 14277120 109588520 2762
5 14643200 115140800 2794
6 15009280 120832760 2873
7 15192320 123731120 2847
8 15558400 129632600 2881
9 15741440 132635720 2878
10 15924480 135673760 2902
11 16107520 138746720 2854
12 16290560 141854600 2917
13 16290560 141854600 2894
14 16473600 144997400 2852
15 16473600 144997400 2859
16 16473600 144997400 2925
17 16473600 144997400 2901
18 16473600 144997400 2861
19 16473600 144997400 2892
20 16656640 148175120 2923
21 16839680 151387760 2894
22 16839680 151387760 2867
23 17022720 154635320 2926
24 17388800 161235200 2940
25 17388800 161235200 2933
26 17571840 164587520 2946
27 17571840 164587520 2913
28 17571840 164587520 2962
29 17571840 164587520 2886
30 17571840 164587520 2925
31 17754880 167974760 3015
32 17937920 171396920 3032
33 17937920 171396920 2927
34 18487040 181872920 2997
35 18487040 181872920 3020
36 18487040 181872920 3027
37 18853120 189031520 2966
38 18853120 189031520 2975
39 19219200 196329800 2983
40 19219200 196329800 3005
41 19219200 196329800 2954
42 19585280 203767760 2992
43 19768320 207539120 3010
44 20134400 215186600 3055
45 20134400 215186600 2997
46 20317440 219062720 3057
47 21232640 238967120 3130
48 21725184 216007220 3284
49 21725184 216007220 3217
50 23063040 281394920 3187
51 23246080 285829760 3251
52 23612160 294804200 4784
53 23612160 294804200 4851
54 24920064 283228220 3386
55 25133056 288035540 3356
56 25559040 297772400 3351
57 25772032 302701940 3499
58 25772032 302701940 3395
59 25772032 302701940 3416
60 25772032 302701940 3382
61 25985024 307672220 3391
62 26198016 312683240 3455
63 26411008 317735000 3384
64 26836992 327960740 3524
65 26836992 327960740 3496
66 27049984 333134720 3449
67 27049984 333134720 3449
68 27049984 333134720 3394
69 27049984 333134720 3397
70 27475968 343604900 5295
71 27475968 343604900 5327
72 27475968 343604900 5328
73 27475968 343604900 5301
74 28327936 365034140 5466
75 28327936 365034140 5410
76 29392896 392737340 5428
77 29392896 392737340 5481
78 30670848 427325600 5359
79 31309824 445169720 5600
80 31309824 445169720 5608
81 31522816 451199240 5561
82 32161792 469532240 5627
83 32587776 481957940 5664
84 34717696 546530840 5853
85 35143680 559934300 5978
86 35356672 566697140 5893
87 35356672 566697140 5956
88 35995648 587230100 5879
89 36421632 601122440 5956
90 40042496 725786840 6107
91 40255488 733486700 6169
